30 5	30	19 2139 1839 1256
30 5	30	56 11 3
30 5	30	14 8 13
30 5	30	7 10 4376 140 59 123 1636 3182
30 5	30	32 87 11 185
30 5	30 5	20 138 3
30 5	30 5	6 83 71 29
30 5	30 5	467 236 19 275 255
30 5	30 5	255 506 142 442
30 5	30 5	14 43 64
8053	8053	36 17 118 21 153
8053	8053	7 1897 534 6 2702 650
8053	8053	255 1892 506 717
8053	8053	32 6 21 119 49
8053	8053	14 103 20 190 194
8053	8053	7 10 72 16 13
8053	8053	1455 506 717
8053	8053	7 10 19 2229 3567
8053	8053	14 6 21 23 154
8053	8053	155 11 3
30	30	255 59 150 1847 7 10
30	30	47 11 124 13 5
30	30	255 7 10 8 280
30	30	255 6 320 13 1201
30	30	37 26 70 11 53 5
30	30	7 587 534 317 19 650
30	30	14 6 21 23 154
30	30	155 11 3
30	30	6 21 23 62
30	30	255 1345 2295 9 5
414 2415	7 10 2415 850 157 2 414 18 33	6 68 3189 3353
414 2415	7 10 2415 850 157 2 414 18 33	8 3
414 2415	7 10 2415 850 157 2 414 18 33	7 10 72 16 13
414 2415	7 10 2415 850 157 2 414 18 33	255 360 1244 9 5
414 2415	7 10 2415 850 157 2 414 18 33	7 10 936 236 19 986 1156 140
414 2415	7 10 6 2739 414 2415	7 10 19 320 1156 140
414 2415	7 10 6 2739 414 2415	7 587 6 1930
414 2415	7 10 6 2739 414 2415	665 855 2362
414 2415	7 10 6 2739 414 2415	32 56 64
414 2415	7 10 6 2739 414 2415	14 103 20 190 194
7 10 2415 850 157 2 414 18 33	7 10 2415 850 157 2 414 18 33	7 10 936 236 19 986 1156 140
7 10 2415 850 157 2 414 18 33	7 10 2415 850 157 2 414 18 33	255 59 199 5
7 10 2415 850 157 2 414 18 33	7 10 2415 850 157 2 414 18 33	7 587 534 317 19 650
7 10 2415 850 157 2 414 18 33	7 10 2415 850 157 2 414 18 33	10 773 1839 1256 2571 9 19 2139
7 10 2415 850 157 2 414 18 33	7 10 2415 850 157 2 414 18 33	255 360 1244 9 5
7 10 2415 850 157 2 414 18 33	7 10 6 2739 414 2415	255 320 40 134 506 717
7 10 2415 850 157 2 414 18 33	7 10 6 2739 414 2415	255 1892 506 717
7 10 2415 850 157 2 414 18 33	7 10 6 2739 414 2415	4 25 60 176 28 3 42 75
7 10 2415 850 157 2 414 18 33	7 10 6 2739 414 2415	6 542 7 587
7 10 2415 850 157 2 414 18 33	7 10 6 2739 414 2415	255 7 10 8 280
323 320 40	255 1892 506 717	155 11 3
323 320 40	255 320 40 134 506 717	7 10 6 867 643 1021
323 320 40	255 360 1244 9 5	68 11845 6 203
323 320 40	255 1345 19 1525	6 83 71 29
323 320 40	255 1345 2295 9 5	4 26 2 10 37 11 53 5
323 320 40	255 44	19 170
323 320 40	255 43 275	99 20 3
323 320 40	255 8 217	4 10 70 11 13 69
323 320 40	255 506 142 442	7 10 11 408 643 5
323 320 40	255 643 304 376	7 587 2 317 534 9 39
323 320 40	255 36 967 119 320	7 10 72 16 13
323 320 40	255 936 8 1244	37 26 70 11 53 5
323 320 40	255 236 8 320	56 11 3
323 320 40	255 7 10 8 280	275 13 1455
323 320 40	255 30 1610	542 7 587 2 240
323 320 40	255 6 320 13 1201	6 83 71 29
323 320 40	255 59 150 1847 7 10	7 10 11 1362 13 275 459 2 417 5
323 320 40	255 59 199 5	93 26 9 8 90 3
323 320 40	467 236 19 275 255	32 87 11 185
323 236 8 16 320	255 1892 506 717	22 2 28 8 3
323 236 8 16 320	255 320 40 134 506 717	7 95 51 158
323 236 8 16 320	255 360 1244 9 5	56 11 3
323 236 8 16 320	255 1345 19 1525	32 6 21 119 49
323 236 8 16 320	255 1345 2295 9 5	155 11 3
323 236 8 16 320	255 44	19 170
323 236 8 16 320	255 43 275	4 2 14 6 21 30 145 157
323 236 8 16 320	255 8 217	20 138 3
323 236 8 16 320	255 506 142 442	7 10 11 408 643 5
323 236 8 16 320	255 643 304 376	4 2 14 6 21 30 145 157
323 236 8 16 320	255 36 967 119 320	155 11 3
323 236 8 16 320	255 936 8 1244	7 10 643 304 129 376
323 236 8 16 320	255 236 8 320	7 10 6 24 13
323 236 8 16 320	255 7 10 8 280	8 3
323 236 8 16 320	255 30 1610	275 50 10 477
323 236 8 16 320	255 6 320 13 1201	4 2 14 6 21 30 145 157
323 236 8 16 320	255 59 150 1847 7 10	14 43 64
323 236 8 16 320	255 59 199 5	7 95 51 189 2 18
323 236 8 16 320	467 236 19 275 255	4 2 47 89 42
1082 6 275 255	255 1892 506 717	7 10 654 461 326 234
1082 6 275 255	255 320 40 134 506 717	7 10 1980 50 227 939
1082 6 275 255	255 360 1244 9 5	7 10 643 1021
1082 6 275 255	255 1345 19 1525	10 685 93 17 397 586
1082 6 275 255	255 1345 2295 9 5	4 2 14 6 21 30 145 157
1082 6 275 255	255 44	6 24 51
1082 6 275 255	255 43 275	7 10 6 24 13
1082 6 275 255	255 8 217	7 10 19 12643
1082 6 275 255	255 506 142 442	14 6 21 23 154
1082 6 275 255	255 643 304 376	14 6 21 23 154
1082 6 275 255	255 36 967 119 320	26 50 8 3
1082 6 275 255	255 936 8 1244	7 10 643 4147 30 150
1082 6 275 255	255 236 8 320	7 10 643 1021
1082 6 275 255	255 7 10 8 280	6 2771 3813 1234
1082 6 275 255	255 30 1610	51 2 187
1082 6 275 255	255 6 320 13 1201	14 103 20 190 194
1082 6 275 255	255 59 150 1847 7 10	7 10 6 1854 2577 5844
1082 6 275 255	255 59 199 5	52 22 54 20 107 13
1082 6 275 255	467 236 19 275 255	36 17 118 21 153
357 22292 2 1612 723 236 255	357 22292 2 1612 723 236 255	14 43 64
357 22292 2 1612 723 236 255	357 22292 2 1612 723 236 255	255 936 8 1244
357 22292 2 1612 723 236 255	357 22292 2 1612 723 236 255	255 236 8 320
357 22292 2 1612 723 236 255	357 22292 2 1612 723 236 255	255 506 142 442
357 22292 2 1612 723 236 255	357 22292 2 1612 723 236 255	7 10 11 2229 5
357 22292 2 1612 723 236 255	357 22292 2 1612 723 236 255	7 10 72 16 13
357 22292 2 1612 723 236 255	357 22292 2 1612 723 236 255	26 50 8 3
357 22292 2 1612 723 236 255	357 22292 2 1612 723 236 255	255 506 142 442
357 22292 2 1612 723 236 255	357 22292 2 1612 723 236 255	8 29
357 22292 2 1612 723 236 255	357 22292 2 1612 723 236 255	7 587 534 317 19 650
7585 219 774 6347 140 8 16 320 255	255 1892 506 717	3062 2293 30 150 504
7585 219 774 6347 140 8 16 320 255	255 320 40 134 506 717	4 26 2 10 37 11 53 5
7585 219 774 6347 140 8 16 320 255	255 360 1244 9 5	19 170
7585 219 774 6347 140 8 16 320 255	255 1345 19 1525	6 24 62
7585 219 774 6347 140 8 16 320 255	255 1345 2295 9 5	19 170
7585 219 774 6347 140 8 16 320 255	255 44	3608 19 68 551
7585 219 774 6347 140 8 16 320 255	255 43 275	7 10 5442
7585 219 774 6347 140 8 16 320 255	255 8 217	193 40 18 20
7585 219 774 6347 140 8 16 320 255	255 506 142 442	56 11 3
7585 219 774 6347 140 8 16 320 255	255 643 304 376	32 87 11 185
7585 219 774 6347 140 8 16 320 255	255 36 967 119 320	14 6 21 23 154
7585 219 774 6347 140 8 16 320 255	255 936 8 1244	7 10 5442
7585 219 774 6347 140 8 16 320 255	255 236 8 320	22 2 28 8 3
7585 219 774 6347 140 8 16 320 255	255 7 10 8 280	99 20 3
7585 219 774 6347 140 8 16 320 255	255 30 1610	10 200 1505 6 238
7585 219 774 6347 140 8 16 320 255	255 6 320 13 1201	32 186 175 77
7585 219 774 6347 140 8 16 320 255	255 59 150 1847 7 10	6 83 71 29
7585 219 774 6347 140 8 16 320 255	255 59 199 5	6 24 29
7585 219 774 6347 140 8 16 320 255	467 236 19 275 255	7 10 19 320 1156 140
7292 589 320 152 4 169	255 1892 506 717	4 10 70 11 13 69
7292 589 320 152 4 169	255 320 40 134 506 717	7 10 72 16 13
7292 589 320 152 4 169	255 360 1244 9 5	4 2 14 6 21 30 145 157
7292 589 320 152 4 169	255 1345 19 1525	8 3
7292 589 320 152 4 169	255 1345 2295 9 5	1455 164 506 936
7292 589 320 152 4 169	255 44	44 1147 54 20
7292 589 320 152 4 169	255 43 275	4 25 60 176 28 3 42 75
7292 589 320 152 4 169	255 8 217	37 26 70 11 53 5
7292 589 320 152 4 169	255 506 142 442	719 2638 1839 1256 2 1358
7292 589 320 152 4 169	255 643 304 376	4 2 14 6 21 30 145 157
7292 589 320 152 4 169	255 36 967 119 320	4 2 14 6 21 30 145 157
7292 589 320 152 4 169	255 936 8 1244	22 2 28 8 3
7292 589 320 152 4 169	255 236 8 320	6 24 29
7292 589 320 152 4 169	255 7 10 8 280	14 8 13
7292 589 320 152 4 169	255 30 1610	32 6 21 119 49
7292 589 320 152 4 169	255 6 320 13 1201	7 10 643 1021
7292 589 320 152 4 169	255 59 150 1847 7 10	7 10 1256 19201 73 3003
7292 589 320 152 4 169	255 59 199 5	26 50 8 3
7292 589 320 152 4 169	467 236 19 275 255	14 8 13
765 16 320 8 16 320 255	255 1892 506 717	7 10 25 643
765 16 320 8 16 320 255	255 320 40 134 506 717	7 10 275 406
765 16 320 8 16 320 255	255 360 1244 9 5	203 157 2 1729 10 6 58 97 817
765 16 320 8 16 320 255	255 1345 19 1525	7 10 6 867 643 1021
765 16 320 8 16 320 255	255 1345 2295 9 5	155 11 3
765 16 320 8 16 320 255	255 44	6 24 62
765 16 320 8 16 320 255	255 43 275	47 21 178 3 16 31 5
765 16 320 8 16 320 255	255 8 217	4 25 60 176 28 3 42 75
765 16 320 8 16 320 255	255 506 142 442	4 2 10 37 275 9 522 477 9
765 16 320 8 16 320 255	255 643 304 376	4 2 47 89 42
765 16 320 8 16 320 255	255 36 967 119 320	6 24 51
765 16 320 8 16 320 255	255 936 8 1244	467 4091 17 767 19510
765 16 320 8 16 320 255	255 236 8 320	7 95 51 189 2 18
765 16 320 8 16 320 255	255 7 10 8 280	32 56 64
765 16 320 8 16 320 255	255 30 1610	22 2 28 8 3
765 16 320 8 16 320 255	255 6 320 13 1201	32 87 11 185
765 16 320 8 16 320 255	255 59 150 1847 7 10	7 10 19 2229 3567
765 16 320 8 16 320 255	255 59 199 5	4 2 14 6 21 30 145 157
765 16 320 8 16 320 255	467 236 19 275 255	51 2 187
837 920 8 275 467 473	255 1892 506 717	7 587 2 317 534 9 39
837 920 8 275 467 473	255 320 40 134 506 717	32 6 21 119 49
837 920 8 275 467 473	255 360 1244 9 5	7 10 25 643
837 920 8 275 467 473	255 1345 19 1525	3608 397 551 16 30 665 5822 217 397 5
837 920 8 275 467 473	255 1345 2295 9 5	93 26 9 8 90 3
837 920 8 275 467 473	255 44	33 18 5113
837 920 8 275 467 473	255 43 275	7 587 19 2231
837 920 8 275 467 473	255 8 217	7 587 2 317 534 9 39
837 920 8 275 467 473	255 506 142 442	665 2726 714 234
837 920 8 275 467 473	255 643 304 376	4 2 14 6 21 30 145 157
837 920 8 275 467 473	255 36 967 119 320	7 10 5966 2 240
837 920 8 275 467 473	255 936 8 1244	8 29
837 920 8 275 467 473	255 236 8 320	52 22 54 20 107 13
837 920 8 275 467 473	255 7 10 8 280	6 24 62
837 920 8 275 467 473	255 30 1610	155 11 3
837 920 8 275 467 473	255 6 320 13 1201	7 10 19 320 1156 140
837 920 8 275 467 473	255 59 150 1847 7 10	20 138 3
837 920 8 275 467 473	255 59 199 5	7 10 72 16 13
837 920 8 275 467 473	467 236 19 275 255	32 87 11 185
11150 8 16 320	255 1892 506 717	7 587 6 2195
11150 8 16 320	255 320 40 134 506 717	4 26 2 10 37 11 53 5
11150 8 16 320	255 360 1244 9 5	7 587 19 2231
11150 8 16 320	255 1345 19 1525	32 6 21 119 49
11150 8 16 320	255 1345 2295 9 5	10 1505 221 838
11150 8 16 320	255 44	7 95 51 158
11150 8 16 320	255 43 275	36 17 118 21 153
11150 8 16 320	255 8 217	7 10 643 1021
11150 8 16 320	255 506 142 442	7 587 534 317 19 650
11150 8 16 320	255 643 304 376	10 275 9 236 733 78 477 9
11150 8 16 320	255 36 967 119 320	14 8 13
11150 8 16 320	255 936 8 1244	3813 19 2056 2195 4454
11150 8 16 320	255 236 8 320	33 18 3116 847
11150 8 16 320	255 7 10 8 280	6 83 71 29
11150 8 16 320	255 30 1610	8 29
11150 8 16 320	255 6 320 13 1201	56 11 3
11150 8 16 320	255 59 150 1847 7 10	32 6 21 119 49
11150 8 16 320	255 59 199 5	7 28 227 291 132 39
11150 8 16 320	467 236 19 275 255	4 2 47 89 42
8111 43 320	255 1892 506 717	7 95 51 158
8111 43 320	255 320 40 134 506 717	8 29
8111 43 320	255 360 1244 9 5	7 587 2139 21406 551 6 397 414 587
8111 43 320	255 1345 19 1525	4 25 60 176 28 3 42 75
8111 43 320	255 1345 2295 9 5	7 10 6 24 13
8111 43 320	255 44	1455 80 17 33 221
8111 43 320	255 43 275	10 2169 4981 18 33
8111 43 320	255 8 217	467 4091 17 33 221
8111 43 320	255 506 142 442	51 2 187
8111 43 320	255 643 304 376	7 10 6 24 13
8111 43 320	255 36 967 119 320	7 1897 534 6 2702 650
8111 43 320	255 936 8 1244	19 1525 1848 1537 3163
8111 43 320	255 236 8 320	3062 2293 17 33 221
8111 43 320	255 7 10 8 280	467 157 1092 2251 3439 1234 240
8111 43 320	255 30 1610	7 10 6 24 13
8111 43 320	255 6 320 13 1201	14 6 21 23 154
8111 43 320	255 59 150 1847 7 10	51 2 187
8111 43 320	255 59 199 5	32 56 64
8111 43 320	467 236 19 275 255	32 56 64
6130 164 16 320 255	255 1892 506 717	7 10 6 867 643 1021
6130 164 16 320 255	255 320 40 134 506 717	6 542 7 587
6130 164 16 320 255	255 360 1244 9 5	4 25 60 176 28 3 42 75
6130 164 16 320 255	255 1345 19 1525	4 2 14 6 21 30 145 157
6130 164 16 320 255	255 1345 2295 9 5	7 10 643 4147 30 150
6130 164 16 320 255	255 44	14 8 13
6130 164 16 320 255	255 43 275	44 1147 54 20
6130 164 16 320 255	255 8 217	7 1897 534 6 2702 650
6130 164 16 320 255	255 506 142 442	7 10 6 867 643 1021
6130 164 16 320 255	255 643 304 376	7 10 2229 4019 5
6130 164 16 320 255	255 36 967 119 320	15469 12348 16389 9 6 2743
6130 164 16 320 255	255 936 8 1244	37 26 70 11 53 5
6130 164 16 320 255	255 236 8 320	14 8 13
6130 164 16 320 255	255 7 10 8 280	7 10 1555 1189 6 149
6130 164 16 320 255	255 30 1610	1840 10 200 337 958
6130 164 16 320 255	255 6 320 13 1201	6 24 51
6130 164 16 320 255	255 59 150 1847 7 10	7 502 1194 236 304 376 844
6130 164 16 320 255	255 59 199 5	7 95 51 189 2 18
6130 164 16 320 255	467 236 19 275 255	93 26 9 8 90 3
255	255	32 6 21 119 49
255	255	14 6 21 23 154
255	255	255 44
255	255	255 36 967 119 320
255	255	37 26 70 11 53 5
255	255 221	719 2638 1839 1256 2 1358
255	255 221	1455 414 371 164 275
255	255 221	32 6 21 119 49
255	255 221	7 1897 534 6 2702 650
255	255 221	6 83 71 29
255	255 234	7 587 19 2231
255	255 234	20 138 3
255	255 234	6 83 71 29
255	255 234	7 10 11 408 643 5
255	255 234	7 10 6 24 13
255	255 562 14766	20 138 3
255	255 562 14766	255 30 1610
255	255 562 14766	255 36 967 119 320
255	255 562 14766	4 25 60 176 28 3 42 75
255	255 562 14766	32 6 21 119 49
255 183 72 11 320	255 1892 506 717	1362 6098 3476 17 142 1358
255 183 72 11 320	255 320 40 134 506 717	6 24 29
255 183 72 11 320	255 360 1244 9 5	6 21 23 62
255 183 72 11 320	255 1345 19 1525	37 26 70 11 53 5
255 183 72 11 320	255 1345 2295 9 5	12 127 40
255 183 72 11 320	255 44	14 103 20 190 194
255 183 72 11 320	255 43 275	7 10 643 4147 30 2425
255 183 72 11 320	255 8 217	93 26 9 8 90 3
255 183 72 11 320	255 506 142 442	8 3
255 183 72 11 320	255 643 304 376	26 50 8 3
255 183 72 11 320	255 36 967 119 320	7 10 180 2743 2191 575
255 183 72 11 320	255 936 8 1244	7 587 975 18 551 5
255 183 72 11 320	255 236 8 320	7 1897 534 6 2702 650
255 183 72 11 320	255 7 10 8 280	12 127 40
255 183 72 11 320	255 30 1610	4 25 60 176 28 3 42 75
255 183 72 11 320	255 6 320 13 1201	51 2 187
255 183 72 11 320	255 59 150 1847 7 10	10 4927 6 68
255 183 72 11 320	255 59 199 5	155 11 3
255 183 72 11 320	467 236 19 275 255	12 127 40
255 20685 7657 12747 221	255 20685 7657 12747 221	255 506 142 442
255 20685 7657 12747 221	255 20685 7657 12747 221	7 95 51 158
255 20685 7657 12747 221	255 20685 7657 12747 221	36 17 118 21 153
255 20685 7657 12747 221	255 20685 7657 12747 221	6 21 23 62
255 20685 7657 12747 221	255 20685 7657 12747 17 33 2150	7 10 643 304 376
255 20685 7657 12747 221	255 20685 7657 12747 17 33 2150	155 11 3
255 20685 7657 12747 221	255 20685 7657 12747 17 33 2150	3062 2293 30 150 504
255 20685 7657 12747 221	255 20685 7657 12747 17 33 2150	7 10 6 643
255 20685 7657 12747 221	255 20685 7657 12747 59 717	7 10 6 1854 2577 5844
255 20685 7657 12747 221	255 20685 7657 12747 59 717	7 587 542
255 20685 7657 12747 221	255 20685 7657 12747 59 717	4 10 70 11 13 69
255 20685 7657 12747 221	255 20685 7657 12747 59 717	21 23 16 3 5
255 2 357 4858 5566 221	255 2 357 4858 5566 221	255 43 275
255 2 357 4858 5566 221	255 2 357 4858 5566 221	7 95 51 189 2 18
255 2 357 4858 5566 221	255 2 357 4858 5566 221	255 43 275
255 2 357 4858 5566 221	255 2 357 4858 5566 221	7 587 2231 240
255 2 357 4858 5566 221	255 2 357 4858 5566 234	255 59 199 5
255 2 357 4858 5566 221	255 2 357 4858 5566 234	14 43 64
255 2 357 4858 5566 221	255 2 357 4858 5566 234	855 773 9536 39
255 2 357 4858 5566 221	255 2 357 4858 5566 234	14 6 21 23 154
255 2 357 4858 5566 221	255 2 357 4858 5566 17 33 2150	32 6 21 119 49
255 2 357 4858 5566 221	255 2 357 4858 5566 17 33 2150	32 87 11 185
255 2 357 4858 5566 221	255 2 357 4858 5566 17 33 2150	255 36 967 119 320
255 2 357 4858 5566 221	255 2 357 4858 5566 17 33 2150	14 103 20 190 194
255 2 357 4858 5566 221	255 2 357 4858 5566 59 33 10	93 26 9 8 90 3
255 2 357 4858 5566 221	255 2 357 4858 5566 59 33 10	26 50 8 3
255 2 357 4858 5566 221	255 2 357 4858 5566 59 33 10	56 11 3
255 2 357 4858 5566 221	255 2 357 4858 5566 59 33 10	199 939
255 2 16471 847 17 33 2150	255 2 16471 847 16 2882 3882	7 10 936 236 19 986 1156 140
255 2 16471 847 17 33 2150	255 2 16471 847 16 2882 3882	255 7 10 8 280
255 2 16471 847 17 33 2150	255 2 16471 847 19 203	37 26 70 11 53 5
255 2 16471 847 17 33 2150	255 2 16471 847 19 203	7 10 6 24 13
255 2 16471 847 17 33 2150	255 2 16471 847 17 33 2150	8 3
255 2 16471 847 17 33 2150	255 2 16471 847 17 33 2150	7 10 643 4147 30 150
255 2 16471 847 17 33 2150	255 2 17017 847 18 33	7 95 51 158
255 2 16471 847 17 33 2150	255 2 17017 847 18 33	255 36 967 119 320
255 2 16471 847 17 33 2150	255 2 9232 847 234	255 8 217
255 2 16471 847 17 33 2150	255 2 9232 847 234	255 44
255 80 16 275 5	255 1892 506 717	3352 36 129 376
255 80 16 275 5	255 320 40 134 506 717	99 20 3
255 80 16 275 5	255 360 1244 9 5	7 10 6462 376 844 86 2566 643 304 61
255 80 16 275 5	255 1345 19 1525	14 103 20 190 194
255 80 16 275 5	255 1345 2295 9 5	20 138 3
255 80 16 275 5	255 44	7 587 19 68 1897
255 80 16 275 5	255 43 275	22 2 28 8 3
255 80 16 275 5	255 8 217	7 587 1036 19 650
255 80 16 275 5	255 506 142 442	26 50 8 3
255 80 16 275 5	255 643 304 376	22 2 28 8 3
255 80 16 275 5	255 36 967 119 320	155 11 3
255 80 16 275 5	255 936 8 1244	93 26 9 8 90 3
255 80 16 275 5	255 236 8 320	36 17 118 21 153
255 80 16 275 5	255 7 10 8 280	665 855 17 33 221 5
255 80 16 275 5	255 30 1610	155 11 3
255 80 16 275 5	255 6 320 13 1201	643 2638 1839 1256
255 80 16 275 5	255 59 150 1847 7 10	542 7 587 2 240
255 80 16 275 5	255 59 199 5	14 8 13
255 80 16 275 5	467 236 19 275 255	6550 38 5703 1078
255 868 320	255 1892 506 717	7 587 1036 19 650
255 868 320	255 320 40 134 506 717	542 7 587 2 240
255 868 320	255 360 1244 9 5	665 2726 522 129 361 39
255 868 320	255 1345 19 1525	19 170
255 868 320	255 1345 2295 9 5	4 2 47 89 42
255 868 320	255 44	7 10 936 236 19 986 1156 140
255 868 320	255 43 275	562 22 2 10 30 7750 337 6 90 97 2635 2123 2182
255 868 320	255 8 217	10 30 5578 200 41
255 868 320	255 506 142 442	32 87 11 185
255 868 320	255 643 304 376	14 103 20 190 194
255 868 320	255 36 967 119 320	7 10 16 257 255 2979 1332 1455 936 5
255 868 320	255 936 8 1244	7 587 2 317 534 9 39
255 868 320	255 236 8 320	32 186 175 77
255 868 320	255 7 10 8 280	32 186 175 77
255 868 320	255 30 1610	14 43 64
255 868 320	255 6 320 13 1201	6 24 29
255 868 320	255 59 150 1847 7 10	51 2 187
255 868 320	255 59 199 5	12 127 40
255 868 320	467 236 19 275 255	8 3
255 868 16 320	255 1892 506 717	4 2 14 6 21 30 145 157
255 868 16 320	255 320 40 134 506 717	7 10 16 257 255 2979 1332 1455 936 5
255 868 16 320	255 360 1244 9 5	25 542 7 587
255 868 16 320	255 1345 19 1525	7 95 51 189 2 18
255 868 16 320	255 1345 2295 9 5	32 56 64
255 868 16 320	255 44	6 24 29
255 868 16 320	255 43 275	4 26 2 10 37 11 53 5
255 868 16 320	255 8 217	7 10 16 257 255 2979 1332 1455 936 5
255 868 16 320	255 506 142 442	7 95 51 189 2 18
255 868 16 320	255 643 304 376	7 28 6 365
255 868 16 320	255 36 967 119 320	6 83 71 29
255 868 16 320	255 936 8 1244	155 11 3
255 868 16 320	255 236 8 320	586 68 104 2 3799 6740 1033 581 39
255 868 16 320	255 7 10 8 280	32 87 11 185
255 868 16 320	255 30 1610	10 275 9 236 733 78 477 9
255 868 16 320	255 6 320 13 1201	4 2 47 89 42
255 868 16 320	255 59 150 1847 7 10	4 25 60 176 28 3 42 75
255 868 16 320	255 59 199 5	467 4091 17 33 221
255 868 16 320	467 236 19 275 255	32 56 64
255 20 212 275	255 1892 506 717	665 855 36 522 338 168 243 9
255 20 212 275	255 320 40 134 506 717	19 170
255 20 212 275	255 360 1244 9 5	7 587 1036 19 650
255 20 212 275	255 1345 19 1525	37 26 70 11 53 5
255 20 212 275	255 1345 2295 9 5	32 186 175 77
255 20 212 275	255 44	7 587 2 317 534 9 39
255 20 212 275	255 43 275	6 24 62
255 20 212 275	255 8 217	56 11 3
255 20 212 275	255 506 142 442	6 393 10 275 790 1455
255 20 212 275	255 643 304 376	14 6 21 23 154
255 20 212 275	255 36 967 119 320	7 10 6 867 643 1021
255 20 212 275	255 936 8 1244	7 587 19 2139 397
255 20 212 275	255 236 8 320	37 26 70 11 53 5
255 20 212 275	255 7 10 8 280	6 24 62
255 20 212 275	255 30 1610	4 25 60 176 28 3 42 75
255 20 212 275	255 6 320 13 1201	1147 44 271 1494 92 30 73 633 5386 44
255 20 212 275	255 59 150 1847 7 10	6 1023 3861 1455
255 20 212 275	255 59 199 5	1455 9238 2 1466 6545
255 20 212 275	467 236 19 275 255	32 186 175 77
255 320	255 1892 506 717	6 24 51
255 320	255 1892 506 717	7 10 19 1505
255 320	255 320 40 134 506 717	7 10 6 24 13
255 320	255 320 40 134 506 717	4 26 2 10 37 11 53 5
255 320	255 360 1244 9 5	6 21 23 62
255 320	255 360 1244 9 5	4 2 47 89 42
255 320	255 1345 19 1525	10 5144 200 17 1810 240
255 320	255 1345 19 1525	10 6 1988 1505
255 320	255 1345 2295 9 5	7 10 3657 304 376 844
255 320	255 1345 2295 9 5	32 186 175 77
255 320	255 44	6 24 51
255 320	255 44	32 186 175 77
255 320	255 43 275	14 103 20 190 194
255 320	255 43 275	7 10 643 4147 30 2425
255 320	255 8 217	14 103 20 190 194
255 320	255 8 217	6 24 29
255 320	255 506 142 442	93 26 9 8 90 3
255 320	255 506 142 442	6 83 71 29
255 320	255 643 304 376	37 26 70 11 53 5
255 320	255 643 304 376	14 103 20 190 194
255 320	255 36 967 119 320	7 10 11 2229 5
255 320	255 36 967 119 320	7 587 2702 1147 240
255 320	255 936 8 1244	275 13 1455
255 320	255 936 8 1244	93 26 9 8 90 3
255 320	255 236 8 320	7 10 6 24 13
255 320	255 236 8 320	19 170
255 320	255 7 10 8 280	10 683 513 1559 9
255 320	255 7 10 8 280	7 10 6 24 13
255 320	255 30 1610	36 17 118 21 153
255 320	255 30 1610	37 26 70 11 53 5
255 320	255 6 320 13 1201	129 68 3022 2801 18 10 132 5
255 320	255 6 320 13 1201	6 24 62
255 320	255 59 150 1847 7 10	467 936 86 1156 140 2 147
255 320	255 59 150 1847 7 10	26 50 8 3
255 320	255 59 199 5	4 2 10 575 1256 317 534 9
255 320	255 59 199 5	14 6 21 23 154
255 320	467 236 19 275 255	7 10 6 171 4927
255 320	467 236 19 275 255	19 170
255 320 717 1182 40	255 1892 506 717	32 186 175 77
255 320 717 1182 40	255 320 40 134 506 717	4 25 60 176 28 3 42 75
255 320 717 1182 40	255 360 1244 9 5	4 2 47 89 42
255 320 717 1182 40	255 1345 19 1525	235 1455 1244
255 320 717 1182 40	255 1345 2295 9 5	4 2 47 89 42
255 320 717 1182 40	255 44	14 6 21 23 154
255 320 717 1182 40	255 43 275	2725 7942 18696 5
255 320 717 1182 40	255 8 217	193 40 18 20
255 320 717 1182 40	255 506 142 442	255 2 16471 847 16 2882 3882
255 320 717 1182 40	255 643 304 376	7 10 275 406 39
255 320 717 1182 40	255 36 967 119 320	52 22 54 20 107 13
255 320 717 1182 40	255 936 8 1244	193 40 18 20
255 320 717 1182 40	255 236 8 320	4 26 2 10 37 11 53 5
255 320 717 1182 40	255 7 10 8 280	255 221
255 320 717 1182 40	255 30 1610	7 2684 586 11 3842 5
255 320 717 1182 40	255 6 320 13 1201	51 2 187
255 320 717 1182 40	255 59 150 1847 7 10	4 2 14 6 21 30 145 157
255 320 717 1182 40	255 59 199 5	10 30 5578 200 41
255 320 717 1182 40	467 236 19 275 255	7 587 11 1195 7 2778 4904 5
255 320 40	255 1892 506 717	7 587 534 317 19 650
255 320 40	255 320 40 134 506 717	99 20 3
255 320 40	255 360 1244 9 5	6 83 71 29
255 320 40	255 1345 19 1525	26 50 8 3
255 320 40	255 1345 2295 9 5	6 24 62
255 320 40	255 44	6 24 29
255 320 40	255 43 275	10 30 5578 200 41
255 320 40	255 8 217	4 2 47 89 42
255 320 40	255 506 142 442	7 95 51 158
255 320 40	255 643 304 376	14 6 21 23 154
255 320 40	255 36 967 119 320	7 587 2 317 534 9 39
255 320 40	255 936 8 1244	7 1897 534 6 2702 650
255 320 40	255 236 8 320	32 6 21 119 49
255 320 40	255 7 10 8 280	14 8 13
255 320 40	255 30 1610	1455 11216 221 129 30 654 14989 39
255 320 40	255 6 320 13 1201	14 43 64
255 320 40	255 59 150 1847 7 10	10 1505 221 838
255 320 40	255 59 199 5	47 11 124 13 5
255 320 40	467 236 19 275 255	6 83 71 29
255 320 40 134 506 717	255 1892 506 717	7 10 72 16 13
255 320 40 134 506 717	255 1892 506 717	14 8 13
255 320 40 134 506 717	255 1892 506 717	467 12643 19 238
255 320 40 134 506 717	255 1892 506 717	7 10 275 406
255 320 40 134 506 717	255 1892 506 717	6 203 2577 2337
255 320 40 134 506 717	255 1892 506 717	7 10 19 4464 236
255 320 40 134 506 717	255 1892 506 717	32 186 175 77
255 320 40 134 506 717	255 1892 506 717	1455 234
255 320 40 134 506 717	255 1892 506 717	10 30 5578 200 41
255 320 40 134 506 717	255 1892 506 717	26 50 8 3
255 320 40 134 506 717	255 1892 506 717	4 2 14 6 21 30 145 157
255 320 40 134 506 717	255 1892 506 717	275 1455 54 2638 1839 1256 5
255 320 40 134 506 717	255 1892 506 717	6 21 23 62
255 320 40 134 506 717	255 1892 506 717	7 95 51 158
255 320 40 134 506 717	255 1892 506 717	6 24 51
255 320 40 134 506 717	255 1892 506 717	7 95 51 189 2 18
255 320 40 134 506 717	255 320 40 134 506 717	93 26 9 8 90 3
255 320 40 134 506 717	255 320 40 134 506 717	7 10 59 17280 5
255 320 40 134 506 717	255 320 40 134 506 717	19 170
255 320 40 134 506 717	255 320 40 134 506 717	7 10 936 236 19 986 1156 140
255 320 40 134 506 717	255 320 40 134 506 717	32 56 64
255 320 40 134 506 717	255 320 40 134 506 717	2979 470 5113 17 33 23 426
255 320 40 134 506 717	255 320 40 134 506 717	26 50 8 3
255 320 40 134 506 717	255 320 40 134 506 717	93 26 9 8 90 3
255 320 40 134 506 717	255 320 40 134 506 717	7 95 51 189 2 18
255 320 40 134 506 717	255 320 40 134 506 717	37 26 70 11 53 5
255 320 40 134 506 717	255 320 40 134 506 717	10 685 93 17 397 586
255 320 40 134 506 717	255 320 40 134 506 717	7 10 643 4147 30 150
255 320 40 134 506 717	255 320 40 134 506 717	56 11 3
255 320 40 134 506 717	255 320 40 134 506 717	7 502 1194 236 304 376 844
255 320 40 134 506 717	255 320 40 134 506 717	22 2 28 8 3
255 320 40 134 506 717	255 320 40 134 506 717	99 20 3
255 320 40 134 506 717	255 360 1244 9 5	7 10 643 4147 30 150
255 320 40 134 506 717	255 360 1244 9 5	467 5183 1156 2679 2229 5
255 320 40 134 506 717	255 360 1244 9 5	1839 1256 17 142 3640
255 320 40 134 506 717	255 360 1244 9 5	4 2 47 89 42
255 320 40 134 506 717	255 360 1244 9 5	8 3
255 320 40 134 506 717	255 360 1244 9 5	7 10 16 257 255 2979 1332 1455 936 5
255 320 40 134 506 717	255 360 1244 9 5	7 10 643 4147 30 150
255 320 40 134 506 717	255 360 1244 9 5	14 6 21 23 154
255 320 40 134 506 717	255 360 1244 9 5	7 10 936 236 19 986 1156 140
255 320 40 134 506 717	255 360 1244 9 5	6 24 29
255 320 40 134 506 717	255 360 1244 9 5	32 186 175 77
255 320 40 134 506 717	255 360 1244 9 5	32 87 11 185
255 320 40 134 506 717	255 360 1244 9 5	4 25 60 176 28 3 42 75
255 320 40 134 506 717	255 360 1244 9 5	14 8 13
255 320 40 134 506 717	255 360 1244 9 5	6 24 29
255 320 40 134 506 717	255 360 1244 9 5	4 2 14 6 21 30 145 157
255 320 40 134 506 717	255 1345 19 1525	14 43 64
255 320 40 134 506 717	255 1345 19 1525	22 2 28 8 3
255 320 40 134 506 717	255 1345 19 1525	4 2 14 6 21 30 145 157
255 320 40 134 506 717	255 1345 19 1525	193 40 18 20
255 320 40 134 506 717	255 1345 19 1525	51 2 187
255 320 40 134 506 717	255 1345 19 1525	56 11 3
255 320 40 134 506 717	255 1345 19 1525	47 11 124 13 5
255 320 40 134 506 717	255 1345 19 1525	32 87 11 185
255 320 40 134 506 717	255 1345 19 1525	32 56 64
255 320 40 134 506 717	255 1345 19 1525	19 170
255 320 40 134 506 717	255 1345 19 1525	32 186 175 77
255 320 40 134 506 717	255 1345 19 1525	14 8 13
255 320 40 134 506 717	255 1345 19 1525	7 10 25 643
255 320 40 134 506 717	255 1345 19 1525	14 6 21 23 154
255 320 40 134 506 717	255 1345 19 1525	8 29
255 320 40 134 506 717	255 1345 19 1525	275 9 236 6 58 375 208 9
255 320 40 134 506 717	255 1345 2295 9 5	22 2 28 8 3
255 320 40 134 506 717	255 1345 2295 9 5	14 6 21 23 154
255 320 40 134 506 717	255 1345 2295 9 5	32 6 21 119 49
255 320 40 134 506 717	255 1345 2295 9 5	7 10 72 16 13
255 320 40 134 506 717	255 1345 2295 9 5	14 103 20 190 194
255 320 40 134 506 717	255 1345 2295 9 5	12 127 40
255 320 40 134 506 717	255 1345 2295 9 5	32 6 21 119 49
255 320 40 134 506 717	255 1345 2295 9 5	6 21 23 62
255 320 40 134 506 717	255 1345 2295 9 5	52 22 54 20 107 13
255 320 40 134 506 717	255 1345 2295 9 5	7 1897 534 6 2702 650
255 320 40 134 506 717	255 1345 2295 9 5	37 26 70 11 53 5
255 320 40 134 506 717	255 1345 2295 9 5	93 26 9 8 90 3
255 320 40 134 506 717	255 1345 2295 9 5	36 17 118 21 153
255 320 40 134 506 717	255 1345 2295 9 5	6 24 62
255 320 40 134 506 717	255 1345 2295 9 5	7 587 6 1930
255 320 40 134 506 717	255 1345 2295 9 5	665 2726 2000 406 39
255 320 40 134 506 717	255 44	7 10 643 4147 30 150
255 320 40 134 506 717	255 44	14 8 13
255 320 40 134 506 717	255 44	7 95 51 189 2 18
255 320 40 134 506 717	255 44	4 10 70 11 13 69
255 320 40 134 506 717	255 44	7 10 2337 2 6689 6 996
255 320 40 134 506 717	255 44	7 587 2231 582
255 320 40 134 506 717	255 44	32 186 175 77
255 320 40 134 506 717	255 44	6 83 71 29
255 320 40 134 506 717	255 44	8 29
255 320 40 134 506 717	255 44	26 50 8 3
255 320 40 134 506 717	255 44	7 587 19 1854
255 320 40 134 506 717	255 44	7 10 430 939 39
255 320 40 134 506 717	255 44	161 3473 788 16 86 161 7 587 397 5
255 320 40 134 506 717	255 44	7 10 3657 304 376 844
255 320 40 134 506 717	255 44	155 11 3
255 320 40 134 506 717	255 44	26 50 8 3
255 320 40 134 506 717	255 43 275	93 26 9 8 90 3
255 320 40 134 506 717	255 43 275	7 10 1980 50 227 939
255 320 40 134 506 717	255 43 275	32 186 175 77
255 320 40 134 506 717	255 43 275	14 8 13
255 320 40 134 506 717	255 43 275	37 26 70 11 53 5
255 320 40 134 506 717	255 43 275	37 26 70 11 53 5
255 320 40 134 506 717	255 43 275	1455 17 1698 221 5
255 320 40 134 506 717	255 43 275	21 23 16 3 5
255 320 40 134 506 717	255 43 275	193 40 18 20
255 320 40 134 506 717	255 43 275	7 10 6 24 13
255 320 40 134 506 717	255 43 275	8 29
255 320 40 134 506 717	255 43 275	6 24 62
255 320 40 134 506 717	255 43 275	4 2 47 89 42
255 320 40 134 506 717	255 43 275	6 83 71 29
255 320 40 134 506 717	255 43 275	14 43 64
255 320 40 134 506 717	255 43 275	7 95 51 189 2 18
255 320 40 134 506 717	255 8 217	7 10 19 320 1156 140
255 320 40 134 506 717	255 8 217	10 1784 3353 6 504
255 320 40 134 506 717	255 8 217	19 1092 10 225 3450 1182 225 1559 5580
255 320 40 134 506 717	255 8 217	8 3
255 320 40 134 506 717	255 8 217	51 2 187
255 320 40 134 506 717	255 8 217	3062 2293 18 33
255 320 40 134 506 717	255 8 217	7 95 51 189 2 18
255 320 40 134 506 717	255 8 217	37 26 70 11 53 5
255 320 40 134 506 717	255 8 217	6 21 23 62
255 320 40 134 506 717	255 8 217	7 10 496 587 1198 6098 3476 6 1362
255 320 40 134 506 717	255 8 217	14 103 20 190 194
255 320 40 134 506 717	255 8 217	199 939
255 320 40 134 506 717	255 8 217	155 11 3
255 320 40 134 506 717	255 8 217	7 10 19 203 7936
255 320 40 134 506 717	255 8 217	6 83 71 29
255 320 40 134 506 717	255 8 217	376 2 820 1078 129 11294
255 320 40 134 506 717	255 506 142 442	1455 19 275
255 320 40 134 506 717	255 506 142 442	6 24 29
255 320 40 134 506 717	255 506 142 442	4 10 70 11 13 69
255 320 40 134 506 717	255 506 142 442	6 21 23 62
255 320 40 134 506 717	255 506 142 442	8 3
255 320 40 134 506 717	255 506 142 442	56 11 3
255 320 40 134 506 717	255 506 142 442	14 103 20 190 194
255 320 40 134 506 717	255 506 142 442	47 11 124 13 5
255 320 40 134 506 717	255 506 142 442	7 587 542
255 320 40 134 506 717	255 506 142 442	12 127 40
255 320 40 134 506 717	255 506 142 442	37 26 70 11 53 5
255 320 40 134 506 717	255 506 142 442	193 40 18 20
255 320 40 134 506 717	255 506 142 442	20 138 3
255 320 40 134 506 717	255 506 142 442	7 10 643 4147 30 150
255 320 40 134 506 717	255 506 142 442	6 133 467 2782 575
255 320 40 134 506 717	255 506 142 442	36 17 118 21 153
255 320 40 134 506 717	255 643 304 376	7 10 6 643
255 320 40 134 506 717	255 643 304 376	14 8 13
255 320 40 134 506 717	255 643 304 376	52 22 54 20 107 13
255 320 40 134 506 717	255 643 304 376	7 587 542
255 320 40 134 506 717	255 643 304 376	32 87 11 185
255 320 40 134 506 717	255 643 304 376	14 43 64
255 320 40 134 506 717	255 643 304 376	14 43 64
255 320 40 134 506 717	255 643 304 376	10 6098 2 3476 6 1362
255 320 40 134 506 717	255 643 304 376	37 26 70 11 53 5
255 320 40 134 506 717	255 643 304 376	32 186 175 77
255 320 40 134 506 717	255 643 304 376	4 10 70 11 13 69
255 320 40 134 506 717	255 643 304 376	51 2 187
255 320 40 134 506 717	255 643 304 376	12 127 40
255 320 40 134 506 717	255 643 304 376	10 6 1988 1505
255 320 40 134 506 717	255 643 304 376	19 170
255 320 40 134 506 717	255 643 304 376	52 22 54 20 107 13
255 320 40 134 506 717	255 36 967 119 320	7 95 51 158
255 320 40 134 506 717	255 36 967 119 320	10 5144 200 17 1810 240
255 320 40 134 506 717	255 36 967 119 320	4 26 2 10 37 11 53 5
255 320 40 134 506 717	255 36 967 119 320	376 2 820 1078 129 11294
255 320 40 134 506 717	255 36 967 119 320	22 2 28 8 3
255 320 40 134 506 717	255 36 967 119 320	52 22 54 20 107 13
255 320 40 134 506 717	255 36 967 119 320	14 8 13
255 320 40 134 506 717	255 36 967 119 320	6 21 23 62
255 320 40 134 506 717	255 36 967 119 320	7 95 51 158
255 320 40 134 506 717	255 36 967 119 320	7 10 643 4147 30 150
255 320 40 134 506 717	255 36 967 119 320	19 170
255 320 40 134 506 717	255 36 967 119 320	22 2 28 8 3
255 320 40 134 506 717	255 36 967 119 320	14 8 13
255 320 40 134 506 717	255 36 967 119 320	56 11 3
255 320 40 134 506 717	255 36 967 119 320	6 68 453 714
255 320 40 134 506 717	255 36 967 119 320	19 170
255 320 40 134 506 717	255 936 8 1244	203 489 1729 10 564 2 817 97 5703 6 335
255 320 40 134 506 717	255 936 8 1244	25 542 7 587
255 320 40 134 506 717	255 936 8 1244	68 2886 6 1164
255 320 40 134 506 717	255 936 8 1244	32 56 64
255 320 40 134 506 717	255 936 8 1244	7 10 643 6 643
255 320 40 134 506 717	255 936 8 1244	8 29
255 320 40 134 506 717	255 936 8 1244	7 10 6 867 643 1021
255 320 40 134 506 717	255 936 8 1244	32 6 21 119 49
255 320 40 134 506 717	255 936 8 1244	193 40 18 20
255 320 40 134 506 717	255 936 8 1244	26 50 8 3
255 320 40 134 506 717	255 936 8 1244	6 24 51
255 320 40 134 506 717	255 936 8 1244	855 1784 3353 6 504
255 320 40 134 506 717	255 936 8 1244	36 17 118 21 153
255 320 40 134 506 717	255 936 8 1244	8 29
255 320 40 134 506 717	255 936 8 1244	47 11 124 13 5
255 320 40 134 506 717	255 936 8 1244	7 10 11 1362 13 275 459 2 417 5
255 320 40 134 506 717	255 236 8 320	6 24 62
255 320 40 134 506 717	255 236 8 320	10 6 1988 1505
255 320 40 134 506 717	255 236 8 320	7 10 6 867 643 1021
255 320 40 134 506 717	255 236 8 320	4 26 2 10 37 11 53 5
255 320 40 134 506 717	255 236 8 320	10 1903 2344 1092 946
255 320 40 134 506 717	255 236 8 320	68 11845 6 203
255 320 40 134 506 717	255 236 8 320	32 56 64
255 320 40 134 506 717	255 236 8 320	467 236 1301 304 234
255 320 40 134 506 717	255 236 8 320	32 87 11 185
255 320 40 134 506 717	255 236 8 320	32 6 21 119 49
255 320 40 134 506 717	255 236 8 320	32 56 64
255 320 40 134 506 717	255 236 8 320	7 1897 534 6 2702 650
255 320 40 134 506 717	255 236 8 320	19 170
255 320 40 134 506 717	255 236 8 320	665 855 31 6 238
255 320 40 134 506 717	255 236 8 320	19 170
255 320 40 134 506 717	255 236 8 320	93 26 9 8 90 3
255 320 40 134 506 717	255 7 10 8 280	193 40 18 20
255 320 40 134 506 717	255 7 10 8 280	56 11 3
255 320 40 134 506 717	255 7 10 8 280	6 24 51
255 320 40 134 506 717	255 7 10 8 280	7 10 72 16 13
255 320 40 134 506 717	255 7 10 8 280	4 10 70 11 13 69
255 320 40 134 506 717	255 7 10 8 280	22 2 28 8 3
255 320 40 134 506 717	255 7 10 8 280	7 10 5966 2 240
255 320 40 134 506 717	255 7 10 8 280	21 23 16 3 5
255 320 40 134 506 717	255 7 10 8 280	10 4927 6 68
255 320 40 134 506 717	255 7 10 8 280	7 95 51 158
255 320 40 134 506 717	255 7 10 8 280	99 20 3
255 320 40 134 506 717	255 7 10 8 280	1455 1244 371 662 40
255 320 40 134 506 717	255 7 10 8 280	467 5183 1156 2679 2229 5
255 320 40 134 506 717	255 7 10 8 280	7 95 51 189 2 18
255 320 40 134 506 717	255 7 10 8 280	10 1059 33 225 11 1505
255 320 40 134 506 717	255 7 10 8 280	26 50 8 3
255 320 40 134 506 717	255 30 1610	6 21 23 62
255 320 40 134 506 717	255 30 1610	193 40 18 20
255 320 40 134 506 717	255 30 1610	47 11 124 13 5
255 320 40 134 506 717	255 30 1610	36 17 118 21 153
255 320 40 134 506 717	255 30 1610	47 11 124 13 5
255 320 40 134 506 717	255 30 1610	32 87 11 185
255 320 40 134 506 717	255 30 1610	14 43 64
255 320 40 134 506 717	255 30 1610	6 24 29
255 320 40 134 506 717	255 30 1610	51 2 187
255 320 40 134 506 717	255 30 1610	7 1897 534 6 2702 650
255 320 40 134 506 717	255 30 1610	7 10 2337 6689 8400 9 6 1362
255 320 40 134 506 717	255 30 1610	32 6 21 119 49
255 320 40 134 506 717	255 30 1610	7 10 6 867 643 1021
255 320 40 134 506 717	255 30 1610	3567 6 275 13 1455
255 320 40 134 506 717	255 30 1610	4 2 14 6 21 30 145 157
255 320 40 134 506 717	255 30 1610	1455 662 2 506 358
255 320 40 134 506 717	255 6 320 13 1201	14 8 13
255 320 40 134 506 717	255 6 320 13 1201	56 11 3
255 320 40 134 506 717	255 6 320 13 1201	4 26 2 10 37 11 53 5
255 320 40 134 506 717	255 6 320 13 1201	51 2 187
255 320 40 134 506 717	255 6 320 13 1201	7 10 11 408 643 5
255 320 40 134 506 717	255 6 320 13 1201	7 10 72 16 13
255 320 40 134 506 717	255 6 320 13 1201	7 10 6 24 13
255 320 40 134 506 717	255 6 320 13 1201	7 10 643 4147 30 150
255 320 40 134 506 717	255 6 320 13 1201	20 138 3
255 320 40 134 506 717	255 6 320 13 1201	6 24 62
255 320 40 134 506 717	255 6 320 13 1201	7 10 584 6 3263 2195
255 320 40 134 506 717	255 6 320 13 1201	7 10 643 4147 30 150
255 320 40 134 506 717	255 6 320 13 1201	32 186 175 77
255 320 40 134 506 717	255 6 320 13 1201	7 10 643 6 643
255 320 40 134 506 717	255 6 320 13 1201	7 587 534 317 19 650
255 320 40 134 506 717	255 6 320 13 1201	7 95 51 189 2 18
255 320 40 134 506 717	255 59 150 1847 7 10	6 83 71 29
255 320 40 134 506 717	255 59 150 1847 7 10	4 10 70 11 13 69
255 320 40 134 506 717	255 59 150 1847 7 10	14 103 20 190 194
255 320 40 134 506 717	255 59 150 1847 7 10	8 3
255 320 40 134 506 717	255 59 150 1847 7 10	199 939
255 320 40 134 506 717	255 59 150 1847 7 10	7 10 72 16 13
255 320 40 134 506 717	255 59 150 1847 7 10	467 236 19 203 11845
255 320 40 134 506 717	255 59 150 1847 7 10	7 587 2 317 534 9 39
255 320 40 134 506 717	255 59 150 1847 7 10	20 138 3
255 320 40 134 506 717	255 59 150 1847 7 10	21 23 16 3 5
255 320 40 134 506 717	255 59 150 1847 7 10	51 2 187
255 320 40 134 506 717	255 59 150 1847 7 10	37 26 70 11 53 5
255 320 40 134 506 717	255 59 150 1847 7 10	8 3
255 320 40 134 506 717	255 59 150 1847 7 10	7 10 72 16 13
255 320 40 134 506 717	255 59 150 1847 7 10	14 8 13
255 320 40 134 506 717	255 59 150 1847 7 10	19 170
255 320 40 134 506 717	255 59 199 5	1784 1632 16476
255 320 40 134 506 717	255 59 199 5	21 23 16 3 5
255 320 40 134 506 717	255 59 199 5	7 587 19 2231
255 320 40 134 506 717	255 59 199 5	99 20 3
255 320 40 134 506 717	255 59 199 5	6 24 62
255 320 40 134 506 717	255 59 199 5	1455 3640
255 320 40 134 506 717	255 59 199 5	14 103 20 190 194
255 320 40 134 506 717	255 59 199 5	7 10 936 236 19 986 1156 140
255 320 40 134 506 717	255 59 199 5	6 24 51
255 320 40 134 506 717	255 59 199 5	7 10 6 393 40 1525 13 2191
255 320 40 134 506 717	255 59 199 5	8 29
255 320 40 134 506 717	255 59 199 5	7 10 72 16 13
255 320 40 134 506 717	255 59 199 5	751 773 7 7368 6 85
255 320 40 134 506 717	255 59 199 5	155 11 3
255 320 40 134 506 717	255 59 199 5	26 50 8 3
255 320 40 134 506 717	255 59 199 5	665 855 620 9 6 650
255 320 40 134 506 717	467 236 19 275 255	19 170
255 320 40 134 506 717	467 236 19 275 255	36 17 118 21 153
255 320 40 134 506 717	467 236 19 275 255	7 10 19 320 1156 140
255 320 40 134 506 717	467 236 19 275 255	104 172 2622 13 1674 146
255 320 40 134 506 717	467 236 19 275 255	7 10 19 320 1156 140
255 320 40 134 506 717	467 236 19 275 255	7 502 1194 236 304 376 844
255 320 40 134 506 717	467 236 19 275 255	7 95 51 158
255 320 40 134 506 717	467 236 19 275 255	4 10 70 11 13 69
255 320 40 134 506 717	467 236 19 275 255	26 50 8 3
255 320 40 134 506 717	467 236 19 275 255	4 2 14 6 21 30 145 157
255 320 40 134 506 717	467 236 19 275 255	7 587 2231 582
255 320 40 134 506 717	467 236 19 275 255	56 11 3
255 320 40 134 506 717	467 236 19 275 255	193 40 18 20
255 320 40 134 506 717	467 236 19 275 255	7 95 51 158
255 320 40 134 506 717	467 236 19 275 255	7 10 1256 19201 73 3003
255 320 40 134 506 717	467 236 19 275 255	47 11 124 13 5
255 320 30 150	255 1892 506 717	19 170
255 320 30 150	255 320 40 134 506 717	4 26 2 10 37 11 53 5
255 320 30 150	255 360 1244 9 5	99 20 3
255 320 30 150	255 1345 19 1525	8 3
255 320 30 150	255 1345 2295 9 5	6 24 51
255 320 30 150	255 44	8 29
255 320 30 150	255 43 275	8 3
255 320 30 150	255 8 217	32 56 64
255 320 30 150	255 506 142 442	8 29
255 320 30 150	255 643 304 376	4 26 2 10 37 11 53 5
255 320 30 150	255 36 967 119 320	6 68 5844 2 3352 162
255 320 30 150	255 936 8 1244	4 2 14 6 21 30 145 157
255 320 30 150	255 236 8 320	56 11 3
255 320 30 150	255 7 10 8 280	7 1897 534 6 2702 650
255 320 30 150	255 30 1610	14 103 20 190 194
255 320 30 150	255 6 320 13 1201	32 87 11 185
255 320 30 150	255 59 150 1847 7 10	155 11 3
255 320 30 150	255 59 199 5	56 11 3
255 320 30 150	467 236 19 275 255	1455 1705 59 142 371
255 1228 16 275	255 1892 506 717	8 29
255 1228 16 275	255 320 40 134 506 717	6 24 29
255 1228 16 275	255 360 1244 9 5	51 2 187
255 1228 16 275	255 1345 19 1525	4 26 2 10 37 11 53 5
255 1228 16 275	255 1345 2295 9 5	6 83 71 29
255 1228 16 275	255 44	14 103 20 190 194
255 1228 16 275	255 43 275	37 26 70 11 53 5
255 1228 16 275	255 8 217	7 10 19 1505
255 1228 16 275	255 506 142 442	7 10 643 6 643
255 1228 16 275	255 643 304 376	32 186 175 77
255 1228 16 275	255 36 967 119 320	7 10 19 1505
255 1228 16 275	255 936 8 1244	10 1505 221 838
255 1228 16 275	255 236 8 320	8 29
255 1228 16 275	255 7 10 8 280	193 40 18 20
255 1228 16 275	255 30 1610	26 50 8 3
255 1228 16 275	255 6 320 13 1201	4 2 47 89 42
255 1228 16 275	255 59 150 1847 7 10	56 11 3
255 1228 16 275	255 59 199 5	12 127 40
255 1228 16 275	467 236 19 275 255	4091 587 773 19428 9 6 2702
255 234	255	8 29
255 234	255	255 320 40 134 506 717
255 234	255	14 6 21 23 154
255 234	255 221	467 236 19 275 255
255 234	255 221	255 320 40 134 506 717
255 234	255 221	255 59 150 1847 7 10
255 234	255 234	7 10 59 9289 5
255 234	255 234	6 24 62
255 234	255 234	255 59 150 1847 7 10
255 234	255 562 14766	255 44
255 234	255 562 14766	7 10 6 1362 239 1854 2 3476
255 234	255 562 14766	32 87 11 185
255 1156 140 506 717	255 1892 506 717	7 95 51 189 2 18
255 1156 140 506 717	255 320 40 134 506 717	19 170
255 1156 140 506 717	255 360 1244 9 5	36 17 118 21 153
255 1156 140 506 717	255 1345 19 1525	14 43 64
255 1156 140 506 717	255 1345 2295 9 5	7 95 51 189 2 18
255 1156 140 506 717	255 44	10 6 4276 1505
255 1156 140 506 717	255 43 275	235 1455 1244
255 1156 140 506 717	255 8 217	7 3813 3838 11430 497 1234 6 0 2771
255 1156 140 506 717	255 506 142 442	155 11 3
255 1156 140 506 717	255 643 304 376	7 10 11 408 643 5
255 1156 140 506 717	255 36 967 119 320	26 50 8 3
255 1156 140 506 717	255 936 8 1244	7 10 1555 3642 39
255 1156 140 506 717	255 236 8 320	7 1897 534 6 2702 650
255 1156 140 506 717	255 7 10 8 280	7 95 51 158
255 1156 140 506 717	255 30 1610	7 587 534 317 19 650
255 1156 140 506 717	255 6 320 13 1201	14 8 13
255 1156 140 506 717	255 59 150 1847 7 10	56 11 3
255 1156 140 506 717	255 59 199 5	10 1903 2344 1092 946
255 1156 140 506 717	467 236 19 275 255	7 10 11 1362 13 275 459 2 417 5
255 1156 140 376 1609 130 224	255 1892 506 717	14 8 13
255 1156 140 376 1609 130 224	255 320 40 134 506 717	7 10 643 4147 30 150
255 1156 140 376 1609 130 224	255 360 1244 9 5	1455 506 717
255 1156 140 376 1609 130 224	255 1345 19 1525	32 56 64
255 1156 140 376 1609 130 224	255 1345 2295 9 5	93 26 9 8 90 3
255 1156 140 376 1609 130 224	255 44	14 43 64
255 1156 140 376 1609 130 224	255 43 275	22 2 28 8 3
255 1156 140 376 1609 130 224	255 8 217	7 10 6 867 643 1021
255 1156 140 376 1609 130 224	255 506 142 442	4 26 2 10 37 11 53 5
255 1156 140 376 1609 130 224	255 643 304 376	6 24 62
255 1156 140 376 1609 130 224	255 36 967 119 320	32 56 64
255 1156 140 376 1609 130 224	255 936 8 1244	10 30 5578 200 41
255 1156 140 376 1609 130 224	255 236 8 320	2577 5454 6 91
255 1156 140 376 1609 130 224	255 7 10 8 280	19 170
255 1156 140 376 1609 130 224	255 30 1610	7 10 19 12643
255 1156 140 376 1609 130 224	255 6 320 13 1201	7 587 6 203 5706
255 1156 140 376 1609 130 224	255 59 150 1847 7 10	665 855 504 9 243 1151 522 129 478 220
255 1156 140 376 1609 130 224	255 59 199 5	1455 142 371 11 275 9
255 1156 140 376 1609 130 224	467 236 19 275 255	52 22 54 20 107 13
255 1345 8 320	255 1892 506 717	7 95 51 158
255 1345 8 320	255 320 40 134 506 717	22 2 28 8 3
255 1345 8 320	255 360 1244 9 5	236 1301 4019 33 91
255 1345 8 320	255 1345 19 1525	14 6 21 23 154
255 1345 8 320	255 1345 2295 9 5	193 40 18 20
255 1345 8 320	255 44	4 25 60 176 28 3 42 75
255 1345 8 320	255 43 275	32 6 21 119 49
255 1345 8 320	255 8 217	37 26 70 11 53 5
255 1345 8 320	255 506 142 442	199 939
255 1345 8 320	255 643 304 376	14 8 13
255 1345 8 320	255 36 967 119 320	193 40 18 20
255 1345 8 320	255 936 8 1244	7 95 51 158
255 1345 8 320	255 236 8 320	51 2 187
255 1345 8 320	255 7 10 8 280	6 21 23 62
255 1345 8 320	255 30 1610	6 24 29
255 1345 8 320	255 6 320 13 1201	12 127 40
255 1345 8 320	255 59 150 1847 7 10	6 83 71 29
255 1345 8 320	255 59 199 5	7 587 534 317 19 650
255 1345 8 320	467 236 19 275 255	4 2 14 6 21 30 145 157
255 11 320 23	255 1892 506 717	6 83 71 29
255 11 320 23	255 320 40 134 506 717	665 855 1553
255 11 320 23	255 360 1244 9 5	7 10 1182 430 643 304 376 61
255 11 320 23	255 1345 19 1525	7 587 6 1930
255 11 320 23	255 1345 2295 9 5	8 3
255 11 320 23	255 44	155 11 3
255 11 320 23	255 43 275	32 87 11 185
255 11 320 23	255 8 217	7 10 936 236 19 986 1156 140
255 11 320 23	255 506 142 442	20 138 3
255 11 320 23	255 643 304 376	8 3
255 11 320 23	255 36 967 119 320	56 11 3
255 11 320 23	255 936 8 1244	4 25 60 176 28 3 42 75
255 11 320 23	255 236 8 320	56 11 3
255 11 320 23	255 7 10 8 280	37 26 70 11 53 5
255 11 320 23	255 30 1610	7 10 6 643
255 11 320 23	255 6 320 13 1201	7 587 542
255 11 320 23	255 59 150 1847 7 10	7 10 643 1021
255 11 320 23	255 59 199 5	25 542 7 587
255 11 320 23	467 236 19 275 255	6 24 51
255 20341 20342 221	255 20341 20342 221	52 22 54 20 107 13
255 20341 20342 221	255 20341 20342 221	26 50 8 3
255 20341 20342 221	255 20341 20342 221	19 68 7 587 397 2 104
255 20341 20342 221	255 20341 20342 221	12 127 40
255 20341 20342 221	255 20341 20342 234	6 21 23 62
255 20341 20342 221	255 20341 20342 234	7 10 72 16 13
255 20341 20342 221	255 20341 20342 234	255 30 1610
255 20341 20342 221	255 20341 20342 234	14 43 64
255 20341 20342 221	255 20341 20342 17 33 2150	6 24 62
255 20341 20342 221	255 20341 20342 17 33 2150	255 1892 506 717
255 20341 20342 221	255 20341 20342 17 33 2150	255 36 967 119 320
255 20341 20342 221	255 20341 20342 17 33 2150	3062 2293 346 91 1334 1198 7 587 78 1546
255 19 1345	255 1892 506 717	14 6 21 23 154
255 19 1345	255 320 40 134 506 717	22 2 28 8 3
255 19 1345	255 360 1244 9 5	7 10 936 236 19 986 1156 140
255 19 1345	255 1345 19 1525	7 10 6 2229
255 19 1345	255 1345 2295 9 5	20 138 3
255 19 1345	255 44	10 1505 221 838
255 19 1345	255 43 275	1839 1256 17 142 9503
255 19 1345	255 8 217	7 587 6 1930
255 19 1345	255 506 142 442	4 2 14 6 21 30 145 157
255 19 1345	255 643 304 376	171
255 19 1345	255 36 967 119 320	155 11 3
255 19 1345	255 936 8 1244	14 43 64
255 19 1345	255 236 8 320	6 21 23 62
255 19 1345	255 7 10 8 280	32 186 175 77
255 19 1345	255 30 1610	4 2 14 6 21 30 145 157
255 19 1345	255 6 320 13 1201	14 103 20 190 194
255 19 1345	255 59 150 1847 7 10	235 1455 1244
255 19 1345	255 59 199 5	52 22 54 20 107 13
255 19 1345	467 236 19 275 255	93 26 9 8 90 3
255 19 275 41	255 1892 506 717	665 855 97 2190
255 19 275 41	255 320 40 134 506 717	21 23 16 3 5
255 19 275 41	255 360 1244 9 5	6 24 29
255 19 275 41	255 1345 19 1525	21 23 16 3 5
255 19 275 41	255 1345 2295 9 5	3608 397 10 17 142 1207
255 19 275 41	255 44	32 87 11 185
255 19 275 41	255 43 275	22 2 28 8 3
255 19 275 41	255 8 217	51 2 187
255 19 275 41	255 506 142 442	4 25 60 176 28 3 42 75
255 19 275 41	255 643 304 376	665 2726 714 234
255 19 275 41	255 36 967 119 320	6 30 467 14989 3473
255 19 275 41	255 936 8 1244	7 10 2229
255 19 275 41	255 236 8 320	32 87 11 185
255 19 275 41	255 7 10 8 280	7 10 6 24 13
255 19 275 41	255 30 1610	1455 59 575 7936 5
255 19 275 41	255 6 320 13 1201	52 22 54 20 107 13
255 19 275 41	255 59 150 1847 7 10	1455 1555 362 5
255 19 275 41	255 59 199 5	51 2 187
255 19 275 41	467 236 19 275 255	6 68 3352 7051
255 72 11 320	255 1892 506 717	4 2 7 10 36 58 2169 4981 221
255 72 11 320	255 320 40 134 506 717	7 95 51 189 2 18
255 72 11 320	255 360 1244 9 5	7 587 2 317 534 9 39
255 72 11 320	255 1345 19 1525	4 26 2 10 37 11 53 5
255 72 11 320	255 1345 2295 9 5	1455 1164 9 142 0
255 72 11 320	255 44	3608 397 551 16 30 665 5822 217 397 5
255 72 11 320	255 43 275	26 50 8 3
255 72 11 320	255 8 217	7 1897 534 6 2702 650
255 72 11 320	255 506 142 442	7 10 11 408 643 5
255 72 11 320	255 643 304 376	7 95 51 189 2 18
255 72 11 320	255 36 967 119 320	6 21 23 62
255 72 11 320	255 936 8 1244	7 587 534 317 19 650
255 72 11 320	255 236 8 320	32 87 11 185
255 72 11 320	255 7 10 8 280	14 43 64
255 72 11 320	255 30 1610	467 236 799 275 2 2415 304 2 844 18 150
255 72 11 320	255 6 320 13 1201	7 95 51 189 2 18
255 72 11 320	255 59 150 1847 7 10	665 2726 2000 2455 220
255 72 11 320	255 59 199 5	14 103 20 190 194
255 72 11 320	467 236 19 275 255	22 2 28 8 3
255 721 16 320	255 1892 506 717	32 186 175 77
255 721 16 320	255 320 40 134 506 717	376 2 820 1078 129 11294
255 721 16 320	255 360 1244 9 5	26 50 8 3
255 721 16 320	255 1345 19 1525	4 10 70 11 13 69
255 721 16 320	255 1345 2295 9 5	7 587 534 317 19 650
255 721 16 320	255 44	26 50 8 3
255 721 16 320	255 43 275	32 6 21 119 49
255 721 16 320	255 8 217	6 24 62
255 721 16 320	255 506 142 442	7 10 643 6 643
255 721 16 320	255 643 304 376	665 2726 19 44 31
255 721 16 320	255 36 967 119 320	93 26 9 8 90 3
255 721 16 320	255 936 8 1244	14 8 13
255 721 16 320	255 236 8 320	7 10 643 4147 30 150
255 721 16 320	255 7 10 8 280	8 29
255 721 16 320	255 30 1610	7 95 51 158
255 721 16 320	255 6 320 13 1201	155 11 3
255 721 16 320	255 59 150 1847 7 10	4 10 70 11 13 69
255 721 16 320	255 59 199 5	6 2042 5844 489 1525 2992
255 721 16 320	467 236 19 275 255	32 6 21 119 49
255 8 212 275	255 1892 506 717	1553 236 4966
255 8 212 275	255 320 40 134 506 717	14 8 13
255 8 212 275	255 360 1244 9 5	4 2 47 89 42
255 8 212 275	255 1345 19 1525	56 11 3
255 8 212 275	255 1345 2295 9 5	14 8 13
255 8 212 275	255 44	6 83 71 29
255 8 212 275	255 43 275	4 25 60 176 28 3 42 75
255 8 212 275	255 8 217	4 25 60 176 28 3 42 75
255 8 212 275	255 506 142 442	4 2 665 855 634 91 9 6 5863
255 8 212 275	255 643 304 376	7 10 2229 4019 5
255 8 212 275	255 36 967 119 320	26 50 8 3
255 8 212 275	255 936 8 1244	7 502 1194 236 304 376 844
255 8 212 275	255 236 8 320	7 10 643 6 643
255 8 212 275	255 7 10 8 280	7 10 643 4147 30 150
255 8 212 275	255 30 1610	19 170
255 8 212 275	255 6 320 13 1201	22 2 28 8 3
255 8 212 275	255 59 150 1847 7 10	21 23 16 3 5
255 8 212 275	255 59 199 5	20 138 3
255 8 212 275	467 236 19 275 255	7 10 120 337 200 131 670
255 8 497	255 1892 506 717	32 56 64
255 8 497	255 320 40 134 506 717	7 587 19 1854
255 8 497	255 360 1244 9 5	7 1301 5171 1853 2 931 6 683 3463
255 8 497	255 1345 19 1525	10 217 512 410 394 129 361 39
255 8 497	255 1345 2295 9 5	7 10 6 867 643 1021
255 8 497	255 44	10 1839 1256 226 40
255 8 497	255 43 275	37 26 70 11 53 5
255 8 497	255 8 217	19 1092 10 4966 236
255 8 497	255 506 142 442	7 587 534 317 19 650
255 8 497	255 643 304 376	10 1059 33 225 11 1505
255 8 497	255 36 967 119 320	7 587 534 317 19 650
255 8 497	255 936 8 1244	7 587 2 317 534 9 39
255 8 497	255 236 8 320	32 186 175 77
255 8 497	255 7 10 8 280	19 203 10 3353
255 8 497	255 30 1610	7 587 2 317 534 9 39
255 8 497	255 6 320 13 1201	14 43 64
255 8 497	255 59 150 1847 7 10	32 56 64
255 8 497	255 59 199 5	7 10 19 320 1156 140
255 8 497	467 236 19 275 255	7 587 6 1930
255 8 320	255 1892 506 717	4 10 70 11 13 69
255 8 320	255 1892 506 717	7 587 2 317 534 9 39
255 8 320	255 1892 506 717	199 939
255 8 320	255 1892 506 717	7 95 51 189 2 18
255 8 320	255 320 40 134 506 717	47 11 124 13 5
255 8 320	255 320 40 134 506 717	4 26 2 10 37 11 53 5
255 8 320	255 320 40 134 506 717	8 29
255 8 320	255 320 40 134 506 717	4 25 60 176 28 3 42 75
255 8 320	255 360 1244 9 5	1455 17 8050 513 19205 5
255 8 320	255 360 1244 9 5	7 1897 534 6 2702 650
255 8 320	255 360 1244 9 5	14 6 21 23 154
255 8 320	255 360 1244 9 5	32 6 21 119 49
255 8 320	255 1345 19 1525	22 2 28 8 3
255 8 320	255 1345 19 1525	7 95 51 158
255 8 320	255 1345 19 1525	26 50 8 3
255 8 320	255 1345 19 1525	7 10 643 6 643
255 8 320	255 1345 2295 9 5	7 10 11 408 643 5
255 8 320	255 1345 2295 9 5	6 24 29
255 8 320	255 1345 2295 9 5	32 6 21 119 49
255 8 320	255 1345 2295 9 5	7 587 19 2139 397
255 8 320	255 44	3062 2293 17 33 221
255 8 320	255 44	21 23 16 3 5
255 8 320	255 44	665 855 6 31
255 8 320	255 44	7 10 6 24 13
255 8 320	255 43 275	6 83 71 29
255 8 320	255 43 275	193 40 18 20
255 8 320	255 43 275	21 23 16 3 5
255 8 320	255 43 275	6550 10 7750
255 8 320	255 8 217	10 6 1988 1505
255 8 320	255 8 217	99 20 3
255 8 320	255 8 217	52 22 54 20 107 13
255 8 320	255 8 217	56 11 3
255 8 320	255 506 142 442	14 8 13
255 8 320	255 506 142 442	4 25 60 176 28 3 42 75
255 8 320	255 506 142 442	6 24 29
255 8 320	255 506 142 442	8 3
255 8 320	255 643 304 376	6 24 51
255 8 320	255 643 304 376	1455 361 362 5
255 8 320	255 643 304 376	7 587 16 397 767 3473
255 8 320	255 643 304 376	36 17 118 21 153
255 8 320	255 36 967 119 320	6 24 29
255 8 320	255 36 967 119 320	19 203 10 3353
255 8 320	255 36 967 119 320	14 43 64
255 8 320	255 36 967 119 320	7 10 643 4147 30 150
255 8 320	255 936 8 1244	7 10 643 4147 30 150
255 8 320	255 936 8 1244	7 10 19 1505
255 8 320	255 936 8 1244	7 10 25 91 13241 39
255 8 320	255 936 8 1244	56 11 3
255 8 320	255 236 8 320	32 6 21 119 49
255 8 320	255 236 8 320	21 23 16 3 5
255 8 320	255 236 8 320	15 2 7 10 25 34
255 8 320	255 236 8 320	6 24 62
255 8 320	255 7 10 8 280	10 5144 200 17 1810 240
255 8 320	255 7 10 8 280	10 683 513 1559 9
255 8 320	255 7 10 8 280	20828 1194 889 275 2803 147
255 8 320	255 7 10 8 280	32 87 11 185
255 8 320	255 30 1610	4 2 14 6 21 30 145 157
255 8 320	255 30 1610	10 11 966 3258 456 1033 966 19770 97 30 515 157
255 8 320	255 30 1610	7 587 2 317 534 9 39
255 8 320	255 30 1610	14 103 20 190 194
255 8 320	255 6 320 13 1201	52 22 54 20 107 13
255 8 320	255 6 320 13 1201	52 22 54 20 107 13
255 8 320	255 6 320 13 1201	467 5233 1078 17 142 221
255 8 320	255 6 320 13 1201	99 20 3
255 8 320	255 59 150 1847 7 10	52 22 54 20 107 13
255 8 320	255 59 150 1847 7 10	19 170
255 8 320	255 59 150 1847 7 10	7 502 1194 236 304 376 844
255 8 320	255 59 150 1847 7 10	14 43 64
255 8 320	255 59 199 5	37 26 70 11 53 5
255 8 320	255 59 199 5	51 2 187
255 8 320	255 59 199 5	8 3
255 8 320	255 59 199 5	20 138 3
255 8 320	467 236 19 275 255	14 43 64
255 8 320	467 236 19 275 255	4 25 60 176 28 3 42 75
255 8 320	467 236 19 275 255	99 20 3
255 8 320	467 236 19 275 255	4 10 70 11 13 69
255 8 16 4175 7 485	255 1892 506 717	2886 4276 2195
255 8 16 4175 7 485	255 320 40 134 506 717	193 40 18 20
255 8 16 4175 7 485	255 360 1244 9 5	7 587 19 2231
255 8 16 4175 7 485	255 1345 19 1525	20 138 3
255 8 16 4175 7 485	255 1345 2295 9 5	7 10 59 17280 5
255 8 16 4175 7 485	255 44	7 95 51 189 2 18
255 8 16 4175 7 485	255 43 275	7 10 16 257 255 2979 1332 1455 936 5
255 8 16 4175 7 485	255 8 217	1455 2 59 9138
255 8 16 4175 7 485	255 506 142 442	22 2 28 8 3
255 8 16 4175 7 485	255 643 304 376	7 587 6 2195
255 8 16 4175 7 485	255 36 967 119 320	7 10 6 24 13
255 8 16 4175 7 485	255 936 8 1244	6 24 62
255 8 16 4175 7 485	255 236 8 320	8 3
255 8 16 4175 7 485	255 7 10 8 280	93 26 9 8 90 3
255 8 16 4175 7 485	255 30 1610	4 25 60 176 28 3 42 75
255 8 16 4175 7 485	255 6 320 13 1201	12 127 40
255 8 16 4175 7 485	255 59 150 1847 7 10	47 11 124 13 5
255 8 16 4175 7 485	255 59 199 5	32 87 11 185
255 8 16 4175 7 485	467 236 19 275 255	4 2 14 6 21 30 145 157
255 8 16 320	255 1892 506 717	14 6 21 23 154
255 8 16 320	255 1892 506 717	1455 142 371 11 275 9
255 8 16 320	255 1892 506 717	32 6 21 119 49
255 8 16 320	255 1892 506 717	6 83 71 29
255 8 16 320	255 320 40 134 506 717	8 3
255 8 16 320	255 320 40 134 506 717	4 2 14 6 21 30 145 157
255 8 16 320	255 320 40 134 506 717	8 29
255 8 16 320	255 320 40 134 506 717	20 138 3
255 8 16 320	255 360 1244 9 5	10 1505 221 838
255 8 16 320	255 360 1244 9 5	4 26 2 10 37 11 53 5
255 8 16 320	255 360 1244 9 5	52 22 54 20 107 13
255 8 16 320	255 360 1244 9 5	4 25 60 176 28 3 42 75
255 8 16 320	255 1345 19 1525	6 24 51
255 8 16 320	255 1345 19 1525	32 186 175 77
255 8 16 320	255 1345 19 1525	7 95 51 189 2 18
255 8 16 320	255 1345 19 1525	193 40 18 20
255 8 16 320	255 1345 2295 9 5	22 2 28 8 3
255 8 16 320	255 1345 2295 9 5	32 56 64
255 8 16 320	255 1345 2295 9 5	1455 17 8050 513 19205 5
255 8 16 320	255 1345 2295 9 5	6 83 71 29
255 8 16 320	255 44	7 10 172 320 236
255 8 16 320	255 44	31 238 23 279
255 8 16 320	255 44	36 1033 966 4 208 131 515 157
255 8 16 320	255 44	14 8 13
255 8 16 320	255 43 275	56 11 3
255 8 16 320	255 43 275	7 10 11 1362 13 275 459 2 417 5
255 8 16 320	255 43 275	32 186 175 77
255 8 16 320	255 43 275	7 10 1555 1189 39
255 8 16 320	255 8 217	25 542 7 587
255 8 16 320	255 8 217	56 11 3
255 8 16 320	255 8 217	37 26 70 11 53 5
255 8 16 320	255 8 217	467 236 8591 723 240 897
255 8 16 320	255 506 142 442	6 83 71 29
255 8 16 320	255 506 142 442	7 10 19 320 1156 140
255 8 16 320	255 506 142 442	255 2 357 4858 5566 234
255 8 16 320	255 506 142 442	32 6 21 119 49
255 8 16 320	255 643 304 376	7 502 1194 236 304 376 844
255 8 16 320	255 643 304 376	467 936 11 2229 5
255 8 16 320	255 643 304 376	6 83 71 29
255 8 16 320	255 643 304 376	6 24 62
255 8 16 320	255 36 967 119 320	19 170
255 8 16 320	255 36 967 119 320	7 10 936 236 19 986 1156 140
255 8 16 320	255 36 967 119 320	32 87 11 185
255 8 16 320	255 36 967 119 320	32 186 175 77
255 8 16 320	255 936 8 1244	7 10 72 16 13
255 8 16 320	255 936 8 1244	14 43 64
255 8 16 320	255 936 8 1244	32 6 21 119 49
255 8 16 320	255 936 8 1244	37 26 70 11 53 5
255 8 16 320	255 236 8 320	47 11 124 13 5
255 8 16 320	255 236 8 320	7 10 19 4464 236
255 8 16 320	255 236 8 320	6 83 71 29
255 8 16 320	255 236 8 320	7 10 643 304 376
255 8 16 320	255 7 10 8 280	7 2684 586 18 3068 2
255 8 16 320	255 7 10 8 280	7 10 6462 376 844 86 2566 643 304 61
255 8 16 320	255 7 10 8 280	7 10 5442
255 8 16 320	255 7 10 8 280	7 10 1147 586 19 1558
255 8 16 320	255 30 1610	467 2782 575 234
255 8 16 320	255 30 1610	3608 397 551 2 240 17 142
255 8 16 320	255 30 1610	6 83 71 29
255 8 16 320	255 30 1610	275 50 10 78 477
255 8 16 320	255 6 320 13 1201	7 10 936 236 19 986 1156 140
255 8 16 320	255 6 320 13 1201	7 10 6 643
255 8 16 320	255 6 320 13 1201	93 26 9 8 90 3
255 8 16 320	255 6 320 13 1201	19 170
255 8 16 320	255 59 150 1847 7 10	32 6 21 119 49
255 8 16 320	255 59 150 1847 7 10	32 186 175 77
255 8 16 320	255 59 150 1847 7 10	7 10 59 123 1636 3182
255 8 16 320	255 59 150 1847 7 10	7 95 51 158
255 8 16 320	255 59 199 5	4 26 2 10 37 11 53 5
255 8 16 320	255 59 199 5	7 10 6 1731 1938 1525 13 2191
255 8 16 320	255 59 199 5	32 56 64
255 8 16 320	255 59 199 5	22 2 28 8 3
255 8 16 320	467 236 19 275 255	8 29
255 8 16 320	467 236 19 275 255	7 587 2 317 534 9 39
255 8 16 320	467 236 19 275 255	7 10 6 24 13
255 8 16 320	467 236 19 275 255	6 203 2577 2337
255 8 16 320 41	255 1892 506 717	51 2 187
255 8 16 320 41	255 320 40 134 506 717	14 6 21 23 154
255 8 16 320 41	255 360 1244 9 5	6 83 71 29
255 8 16 320 41	255 1345 19 1525	47 11 124 13 5
255 8 16 320 41	255 1345 2295 9 5	14052 1156 140 86 936 2248
255 8 16 320 41	255 44	155 11 3
255 8 16 320 41	255 43 275	52 22 54 20 107 13
255 8 16 320 41	255 8 217	7 10 643 4147 30 150
255 8 16 320 41	255 506 142 442	7 587 356 397 2 751
255 8 16 320 41	255 643 304 376	21 23 16 3 5
255 8 16 320 41	255 36 967 119 320	4 2 47 89 42
255 8 16 320 41	255 936 8 1244	7 1897 656 10 2610 6 1388
255 8 16 320 41	255 236 8 320	7 502 1194 236 304 376 844
255 8 16 320 41	255 7 10 8 280	52 22 54 20 107 13
255 8 16 320 41	255 30 1610	32 56 64
255 8 16 320 41	255 6 320 13 1201	7 10 19 320 1156 140
255 8 16 320 41	255 59 150 1847 7 10	7 10 11 408 643 5
255 8 16 320 41	255 59 199 5	4 26 2 10 37 11 53 5
255 8 16 320 41	467 236 19 275 255	56 11 3
255 8 16 320 4 2 18 219 561	255 1892 506 717	14 103 20 190 194
255 8 16 320 4 2 18 219 561	255 320 40 134 506 717	32 6 21 119 49
255 8 16 320 4 2 18 219 561	255 360 1244 9 5	6 83 71 29
255 8 16 320 4 2 18 219 561	255 1345 19 1525	20 138 3
255 8 16 320 4 2 18 219 561	255 1345 2295 9 5	8 29
255 8 16 320 4 2 18 219 561	255 44	7 587 534 1897 10 217 6 423
255 8 16 320 4 2 18 219 561	255 43 275	7 10 5474 6 91
255 8 16 320 4 2 18 219 561	255 8 217	32 87 11 185
255 8 16 320 4 2 18 219 561	255 506 142 442	19 170
255 8 16 320 4 2 18 219 561	255 643 304 376	665 855 848 5677 18 123
255 8 16 320 4 2 18 219 561	255 36 967 119 320	21 23 16 3 5
255 8 16 320 4 2 18 219 561	255 936 8 1244	21 23 16 3 5
255 8 16 320 4 2 18 219 561	255 236 8 320	10 200 1505 6 238
255 8 16 320 4 2 18 219 561	255 7 10 8 280	4 10 70 11 13 69
255 8 16 320 4 2 18 219 561	255 30 1610	7 10 1555 1189 6 149
255 8 16 320 4 2 18 219 561	255 6 320 13 1201	19 170
255 8 16 320 4 2 18 219 561	255 59 150 1847 7 10	32 186 175 77
255 8 16 320 4 2 18 219 561	255 59 199 5	7 587 534 317 19 650
255 8 16 320 4 2 18 219 561	467 236 19 275 255	36 129 68 3022 2801
255 8 16 275	255 1892 506 717	32 87 11 185
255 8 16 275	255 320 40 134 506 717	32 56 64
255 8 16 275	255 360 1244 9 5	21 23 16 3 5
255 8 16 275	255 1345 19 1525	6 21 23 62
255 8 16 275	255 1345 2295 9 5	7 10 643 4147 30 150
255 8 16 275	255 44	14 8 13
255 8 16 275	255 43 275	2139 1839 1256 54 3969 578
255 8 16 275	255 8 217	7 587 534 317 19 650
255 8 16 275	255 506 142 442	193 40 18 20
255 8 16 275	255 643 304 376	4 2 14 6 21 30 145 157
255 8 16 275	255 36 967 119 320	7 10 72 16 13
255 8 16 275	255 936 8 1244	99 20 3
255 8 16 275	255 236 8 320	4 25 60 176 28 3 42 75
255 8 16 275	255 7 10 8 280	8 29
255 8 16 275	255 30 1610	8 29
255 8 16 275	255 6 320 13 1201	6 83 71 29
255 8 16 275	255 59 150 1847 7 10	7 10 6 24 13
255 8 16 275	255 59 199 5	8 3
255 8 16 275	467 236 19 275 255	99 20 3
255 8 280	255 1892 506 717	51 2 187
255 8 280	255 320 40 134 506 717	26 50 8 3
255 8 280	255 360 1244 9 5	7 587 1036 19 650
255 8 280	255 1345 19 1525	7 10 11 408 643 5
255 8 280	255 1345 2295 9 5	14 43 64
255 8 280	255 44	32 186 175 77
255 8 280	255 43 275	22 2 28 8 3
255 8 280	255 8 217	7 10 275 406
255 8 280	255 506 142 442	193 40 18 20
255 8 280	255 643 304 376	7 10 19 1505
255 8 280	255 36 967 119 320	93 26 9 8 90 3
255 8 280	255 936 8 1244	14 43 64
255 8 280	255 236 8 320	6 30 7 88 321
255 8 280	255 7 10 8 280	7 95 51 189 2 18
255 8 280	255 30 1610	7 10 72 16 13
255 8 280	255 6 320 13 1201	235 1455 1244
255 8 280	255 59 150 1847 7 10	6 24 51
255 8 280	255 59 199 5	6 83 71 29
255 8 280	467 236 19 275 255	7 10 6 24 13
255 8 16 30 10 217 320	255 1892 506 717	32 186 175 77
255 8 16 30 10 217 320	255 320 40 134 506 717	7 95 51 189 2 18
255 8 16 30 10 217 320	255 360 1244 9 5	32 56 64
255 8 16 30 10 217 320	255 1345 19 1525	4 2 14 6 21 30 145 157
255 8 16 30 10 217 320	255 1345 2295 9 5	6 24 29
255 8 16 30 10 217 320	255 44	4 2 47 89 42
255 8 16 30 10 217 320	255 43 275	6 24 29
255 8 16 30 10 217 320	255 8 217	7 10 643 4147 30 150
255 8 16 30 10 217 320	255 506 142 442	26 50 8 3
255 8 16 30 10 217 320	255 643 304 376	7 10 2229
255 8 16 30 10 217 320	255 36 967 119 320	4 607 25 91 2169 4981 221
255 8 16 30 10 217 320	255 936 8 1244	7 10 11 2229 5
255 8 16 30 10 217 320	255 236 8 320	36 17 118 21 153
255 8 16 30 10 217 320	255 7 10 8 280	19 2139 1839 1256
255 8 16 30 10 217 320	255 30 1610	26 50 8 3
255 8 16 30 10 217 320	255 6 320 13 1201	255 562 14766
255 8 16 30 10 217 320	255 59 150 1847 7 10	1455 59 10 5474 5
255 8 16 30 10 217 320	255 59 199 5	7 95 51 158
255 8 16 30 10 217 320	467 236 19 275 255	7 95 51 189 2 18
255 8 265 55	255 1892 506 717	4 10 70 11 13 69
255 8 265 55	255 320 40 134 506 717	10 6 1988 1505
255 8 265 55	255 360 1244 9 5	10 200 1505 6 238
255 8 265 55	255 1345 19 1525	22 2 28 8 3
255 8 265 55	255 1345 2295 9 5	575 478 2059 30 73 1881
255 8 265 55	255 44	7 10 25 643
255 8 265 55	255 43 275	26 50 8 3
255 8 265 55	255 8 217	7 10 5966 2 240
255 8 265 55	255 506 142 442	32 56 64
255 8 265 55	255 643 304 376	467 4091 17 767 19510
255 8 265 55	255 36 967 119 320	32 186 175 77
255 8 265 55	255 936 8 1244	7 587 2231 582
255 8 265 55	255 236 8 320	52 22 54 20 107 13
255 8 265 55	255 7 10 8 280	4 2 14 6 21 30 145 157
255 8 265 55	255 30 1610	4 2 47 89 42
255 8 265 55	255 6 320 13 1201	6 24 62
255 8 265 55	255 59 150 1847 7 10	7 486 17 3517 1917 7311 5770 847 5
255 8 265 55	255 59 199 5	6 24 62
255 8 265 55	467 236 19 275 255	4 25 60 176 28 3 42 75
255 43 320	255 1892 506 717	7 10 59 123 1636 3182
255 43 320	255 1892 506 717	6 24 29
255 43 320	255 1892 506 717	36 17 118 21 153
255 43 320	255 320 40 134 506 717	7 10 6 24 13
255 43 320	255 320 40 134 506 717	169 3517 1917 1354 23 59 8967
255 43 320	255 320 40 134 506 717	7 10 643 1021
255 43 320	255 360 1244 9 5	7 587 534 317 19 650
255 43 320	255 360 1244 9 5	14763 4479 50 90 22382 5
255 43 320	255 360 1244 9 5	36 17 118 21 153
255 43 320	255 1345 19 1525	99 20 3
255 43 320	255 1345 19 1525	32 186 175 77
255 43 320	255 1345 19 1525	4 25 60 176 28 3 42 75
255 43 320	255 1345 2295 9 5	22 2 28 8 3
255 43 320	255 1345 2295 9 5	4 25 60 176 28 3 42 75
255 43 320	255 1345 2295 9 5	4 10 70 11 13 69
255 43 320	255 44	7 10 936 236 19 986 1156 140
255 43 320	255 44	193 40 18 20
255 43 320	255 44	7 502 1194 236 304 376 844
255 43 320	255 43 275	7 10 6 867 643 1021
255 43 320	255 43 275	32 6 21 119 49
255 43 320	255 43 275	4 26 2 10 37 11 53 5
255 43 320	255 8 217	7 95 51 189 2 18
255 43 320	255 8 217	155 11 3
255 43 320	255 8 217	8 3
255 43 320	255 506 142 442	193 40 18 20
255 43 320	255 506 142 442	52 22 54 20 107 13
255 43 320	255 506 142 442	6 24 62
255 43 320	255 643 304 376	19 170
255 43 320	255 643 304 376	7 95 51 189 2 18
255 43 320	255 643 304 376	7 95 51 158
255 43 320	255 36 967 119 320	7 10 172 320 236
255 43 320	255 36 967 119 320	19 2139 1839 1256
255 43 320	255 36 967 119 320	56 11 3
255 43 320	255 936 8 1244	7 10 25 643
255 43 320	255 936 8 1244	155 11 3
255 43 320	255 936 8 1244	12 127 40
255 43 320	255 236 8 320	51 2 187
255 43 320	255 236 8 320	12 127 40
255 43 320	255 236 8 320	6 21 23 62
255 43 320	255 7 10 8 280	32 6 21 119 49
255 43 320	255 7 10 8 280	7 587 534 317 19 650
255 43 320	255 7 10 8 280	4 2 14 6 21 30 145 157
255 43 320	255 30 1610	7 10 6 643
255 43 320	255 30 1610	4 10 70 11 13 69
255 43 320	255 30 1610	14 103 20 190 194
255 43 320	255 6 320 13 1201	19 170
255 43 320	255 6 320 13 1201	6 24 29
255 43 320	255 6 320 13 1201	14 103 20 190 194
255 43 320	255 59 150 1847 7 10	22 2 28 8 3
255 43 320	255 59 150 1847 7 10	14 8 13
255 43 320	255 59 150 1847 7 10	7 1897 534 6 2702 650
255 43 320	255 59 199 5	1840 10 200 337 958
255 43 320	255 59 199 5	155 11 3
255 43 320	255 59 199 5	14 8 13
255 43 320	467 236 19 275 255	129 68 3022 2801 18 10 132 5
255 43 320	467 236 19 275 255	21 23 16 3 5
255 43 320	467 236 19 275 255	275 50 10 477
255 43 275	255 1892 506 717	6 21 23 62
255 43 275	255 1892 506 717	12 127 40
255 43 275	255 320 40 134 506 717	32 186 175 77
255 43 275	255 320 40 134 506 717	155 11 3
255 43 275	255 360 1244 9 5	6 83 71 29
255 43 275	255 360 1244 9 5	14 43 64
255 43 275	255 1345 19 1525	30 73 203 11845
255 43 275	255 1345 19 1525	7 10 1182 430 643 304 376 61
255 43 275	255 1345 2295 9 5	80 203 252 9 5171 607 58 302
255 43 275	255 1345 2295 9 5	7 10 1555 1189 6 149
255 43 275	255 44	193 40 18 20
255 43 275	255 44	4 2 665 855 634 91 9 6 5863
255 43 275	255 43 275	1845 86 3116 19229 847 1869 252
255 43 275	255 43 275	32 56 64
255 43 275	255 8 217	7 95 51 158
255 43 275	255 8 217	47 11 124 13 5
255 43 275	255 506 142 442	7 10 643 6 643
255 43 275	255 506 142 442	21 23 16 3 5
255 43 275	255 643 304 376	19 170
255 43 275	255 643 304 376	7 10 72 16 13
255 43 275	255 36 967 119 320	6 24 51
255 43 275	255 36 967 119 320	10 6 4276 1505
255 43 275	255 936 8 1244	99 20 3
255 43 275	255 936 8 1244	20 138 3
255 43 275	255 236 8 320	51 2 187
255 43 275	255 236 8 320	7 10 643 304 376
255 43 275	255 7 10 8 280	4 2 47 89 42
255 43 275	255 7 10 8 280	4 2 14 6 21 30 145 157
255 43 275	255 30 1610	93 26 9 8 90 3
255 43 275	255 30 1610	32 186 175 77
255 43 275	255 6 320 13 1201	6 24 29
255 43 275	255 6 320 13 1201	7 10 1555 3642 39
255 43 275	255 59 150 1847 7 10	10 1505 221 838
255 43 275	255 59 150 1847 7 10	99 20 3
255 43 275	255 59 199 5	51 2 187
255 43 275	255 59 199 5	219 554 58 2169 4981 221 5
255 43 275	467 236 19 275 255	7 10 19 320 1156 140
255 43 275	467 236 19 275 255	1559 4013 50 1854 1154 6 203
255 43 275 41	255 1892 506 717	7 587 1036 19 650
255 43 275 41	255 320 40 134 506 717	8 3
255 43 275 41	255 360 1244 9 5	32 56 64
255 43 275 41	255 1345 19 1525	10 30 5578 200 41
255 43 275 41	255 1345 2295 9 5	2725 7942 1168 3162 7000 14772 5
255 43 275 41	255 44	4 2 14 6 21 30 145 157
255 43 275 41	255 43 275	1092 4966 236
255 43 275 41	255 8 217	6 24 29
255 43 275 41	255 506 142 442	93 26 9 8 90 3
255 43 275 41	255 643 304 376	10 1059 33 225 11 1505
255 43 275 41	255 36 967 119 320	36 17 118 21 153
255 43 275 41	255 936 8 1244	8 29
255 43 275 41	255 236 8 320	193 40 18 20
255 43 275 41	255 7 10 8 280	8 29
255 43 275 41	255 30 1610	32 87 11 185
255 43 275 41	255 6 320 13 1201	10 376 2 495 6 1655 168
255 43 275 41	255 59 150 1847 7 10	21 23 16 3 5
255 43 275 41	255 59 199 5	32 56 64
255 43 275 41	467 236 19 275 255	22 2 28 8 3
255 8 275	255 1892 506 717	10 1059 33 225 11 1505
255 8 275	255 320 40 134 506 717	467 5183 1156 2679 2229 5
255 8 275	255 360 1244 9 5	52 22 54 20 107 13
255 8 275	255 1345 19 1525	7 10 4481 97 6 1553
255 8 275	255 1345 2295 9 5	7 10 72 16 13
255 8 275	255 44	6 83 71 29
255 8 275	255 43 275	37 26 70 11 53 5
255 8 275	255 8 217	14 8 13
255 8 275	255 506 142 442	32 186 175 77
255 8 275	255 643 304 376	7 10 2979 3568 30 73
255 8 275	255 36 967 119 320	7 95 51 189 2 18
255 8 275	255 936 8 1244	12 127 40
255 8 275	255 236 8 320	4 10 70 11 13 69
255 8 275	255 7 10 8 280	20 138 3
255 8 275	255 30 1610	7 10 6462 376 844 86 2566 643 304 61
255 8 275	255 6 320 13 1201	7 95 51 158
255 8 275	255 59 150 1847 7 10	32 87 11 185
255 8 275	255 59 199 5	6 24 29
255 8 275	467 236 19 275 255	7 95 51 189 2 18
20456 3425 4953 2010 508 2177 613 2	20456 3425 4953 2010 508 2177 613 2	255 59 199 5
20456 3425 4953 2010 508 2177 613 2	20456 3425 4953 2010 508 2177 613 2	47 11 124 13 5
20456 3425 4953 2010 508 2177 613 2	20456 3425 4953 2010 508 2177 613 2	6 24 29
20456 3425 4953 2010 508 2177 613 2	20456 3425 4953 2010 508 2177 613 2	32 6 21 119 49
20456 3425 4953 2010 508 2177 613 2	20456 3425 4953 36 1774 613 2 2010	255 43 275
20456 3425 4953 2010 508 2177 613 2	20456 3425 4953 36 1774 613 2 2010	10 5144 200 17 1810 240
20456 3425 4953 2010 508 2177 613 2	20456 3425 4953 36 1774 613 2 2010	8 3
20456 3425 4953 2010 508 2177 613 2	20456 3425 4953 36 1774 613 2 2010	6 24 51
20456 3425 4953 2010 508 2177 613 2	20456 3425 4953 97 6 2177 613 9	47 11 124 13 5
20456 3425 4953 2010 508 2177 613 2	20456 3425 4953 97 6 2177 613 9	7 587 534 317 19 650
20456 3425 4953 2010 508 2177 613 2	20456 3425 4953 97 6 2177 613 9	56 11 3
20456 3425 4953 2010 508 2177 613 2	20456 3425 4953 97 6 2177 613 9	7 10 72 16 13
255 506 2 717	255 1892 506 717	99 20 3
255 506 2 717	255 320 40 134 506 717	155 11 3
255 506 2 717	255 360 1244 9 5	665 855 36 522 338 168 243 9
255 506 2 717	255 1345 19 1525	3608 397 551 16 18 2685 5
255 506 2 717	255 1345 2295 9 5	10 30 5578 200 41
255 506 2 717	255 44	467 236 58 97 200 317 1708 9
255 506 2 717	255 43 275	7 10 643 6 643
255 506 2 717	255 8 217	6 21 23 62
255 506 2 717	255 506 142 442	32 186 175 77
255 506 2 717	255 643 304 376	32 186 175 77
255 506 2 717	255 36 967 119 320	7 95 51 158
255 506 2 717	255 936 8 1244	7 10 72 16 13
255 506 2 717	255 236 8 320	36 17 118 21 153
255 506 2 717	255 7 10 8 280	47 11 124 13 5
255 506 2 717	255 30 1610	20 138 3
255 506 2 717	255 6 320 13 1201	32 56 64
255 506 2 717	255 59 150 1847 7 10	32 186 175 77
255 506 2 717	255 59 199 5	7 1897 534 6 2702 650
255 506 2 717	467 236 19 275 255	7 10 11 408 643 5
255 643 304	255 1892 506 717	6 21 23 62
255 643 304	255 320 40 134 506 717	7 10 72 16 13
255 643 304	255 360 1244 9 5	26 50 8 3
255 643 304	255 1345 19 1525	36 17 118 21 153
255 643 304	255 1345 2295 9 5	7 10 72 16 13
255 643 304	255 44	10 6 4276 1505
255 643 304	255 43 275	56 11 3
255 643 304	255 8 217	22 2 28 8 3
255 643 304	255 506 142 442	14 43 64
255 643 304	255 643 304 376	3813 1234 14347 9 39
255 643 304	255 36 967 119 320	37 26 70 11 53 5
255 643 304	255 936 8 1244	51 2 187
255 643 304	255 236 8 320	8 29
255 643 304	255 7 10 8 280	7 95 51 158
255 643 304	255 30 1610	2577 5454 6 91
255 643 304	255 6 320 13 1201	7 587 19 1854
255 643 304	255 59 150 1847 7 10	665 855 1553
255 643 304	255 59 199 5	1147 44 271 1494 39
255 643 304	467 236 19 275 255	37 26 70 11 53 5
255 1244 320 40	255 1892 506 717	10 1505 221 838
255 1244 320 40	255 320 40 134 506 717	56 11 3
255 1244 320 40	255 360 1244 9 5	37 26 70 11 53 5
255 1244 320 40	255 1345 19 1525	44 1147 54 20
255 1244 320 40	255 1345 2295 9 5	6199 4234 131 97 855 2190
255 1244 320 40	255 44	7 10 275 406
255 1244 320 40	255 43 275	6 24 51
255 1244 320 40	255 8 217	7 10 19 1505
255 1244 320 40	255 506 142 442	10 275 50 477 9
255 1244 320 40	255 643 304 376	7 95 51 189 2 18
255 1244 320 40	255 36 967 119 320	47 11 124 13 5
255 1244 320 40	255 936 8 1244	7 10 6 24 13
255 1244 320 40	255 236 8 320	155 11 3
255 1244 320 40	255 7 10 8 280	1553 236 4966
255 1244 320 40	255 30 1610	14 6 21 23 154
255 1244 320 40	255 6 320 13 1201	56 11 3
255 1244 320 40	255 59 150 1847 7 10	47 11 124 13 5
255 1244 320 40	255 59 199 5	19 1092 10 4966 236
255 1244 320 40	467 236 19 275 255	47 11 124 13 5
255 936 8340 1499 1610 130 224 294	255 1892 506 717	4 26 2 10 37 11 53 5
255 936 8340 1499 1610 130 224 294	255 320 40 134 506 717	14 8 13
255 936 8340 1499 1610 130 224 294	255 360 1244 9 5	8 3
255 936 8340 1499 1610 130 224 294	255 1345 19 1525	1455 1244 371 662 40
255 936 8340 1499 1610 130 224 294	255 1345 2295 9 5	14 103 20 190 194
255 936 8340 1499 1610 130 224 294	255 44	14 103 20 190 194
255 936 8340 1499 1610 130 224 294	255 43 275	155 11 3
255 936 8340 1499 1610 130 224 294	255 8 217	52 22 54 20 107 13
255 936 8340 1499 1610 130 224 294	255 506 142 442	155 11 3
255 936 8340 1499 1610 130 224 294	255 643 304 376	7 1897 534 6 2702 650
255 936 8340 1499 1610 130 224 294	255 36 967 119 320	8 29
255 936 8340 1499 1610 130 224 294	255 936 8 1244	10 1505 221 838
255 936 8340 1499 1610 130 224 294	255 236 8 320	32 56 64
255 936 8340 1499 1610 130 224 294	255 7 10 8 280	4 10 70 11 13 69
255 936 8340 1499 1610 130 224 294	255 30 1610	6 542 7 587
255 936 8340 1499 1610 130 224 294	255 6 320 13 1201	7 587 1036 19 650
255 936 8340 1499 1610 130 224 294	255 59 150 1847 7 10	19927 554 3163
255 936 8340 1499 1610 130 224 294	255 59 199 5	47 11 124 13 5
255 936 8340 1499 1610 130 224 294	467 236 19 275 255	32 56 64
255 936 8 16 320	255 1892 506 717	22 2 28 8 3
255 936 8 16 320	255 320 40 134 506 717	4 2 47 89 42
255 936 8 16 320	255 360 1244 9 5	7 10 129 2139 4947 39
255 936 8 16 320	255 1345 19 1525	4 2 14 6 21 30 145 157
255 936 8 16 320	255 1345 2295 9 5	52 22 54 20 107 13
255 936 8 16 320	255 44	8 29
255 936 8 16 320	255 43 275	7 10 72 16 13
255 936 8 16 320	255 8 217	7 587 2 317 534 9 39
255 936 8 16 320	255 506 142 442	1092 4966 236
255 936 8 16 320	255 643 304 376	22 2 28 8 3
255 936 8 16 320	255 36 967 119 320	32 87 11 185
255 936 8 16 320	255 936 8 1244	36 17 118 21 153
255 936 8 16 320	255 236 8 320	6 21 23 62
255 936 8 16 320	255 7 10 8 280	4 10 70 11 13 69
255 936 8 16 320	255 30 1610	6 542 7 587
255 936 8 16 320	255 6 320 13 1201	4 26 2 10 37 11 53 5
255 936 8 16 320	255 59 150 1847 7 10	8 3
255 936 8 16 320	255 59 199 5	7 10 16 257 255 2979 1332 1455 936 5
255 936 8 16 320	467 236 19 275 255	6 24 29
255 236 417 520	255 1892 506 717	7 10 72 16 13
255 236 417 520	255 320 40 134 506 717	14 6 21 23 154
255 236 417 520	255 360 1244 9 5	7 10 72 16 13
255 236 417 520	255 1345 19 1525	10 200 1505 6 238
255 236 417 520	255 1345 2295 9 5	7 1897 534 6 2702 650
255 236 417 520	255 44	10 2139 1839 1256 21 11 484 2870 5
255 236 417 520	255 43 275	7 10 2229 4019 5
255 236 417 520	255 8 217	12 127 40
255 236 417 520	255 506 142 442	467 5183 1156 2679 2229 5
255 236 417 520	255 643 304 376	6 24 51
255 236 417 520	255 36 967 119 320	93 26 9 8 90 3
255 236 417 520	255 936 8 1244	51 2 187
255 236 417 520	255 236 8 320	20 138 3
255 236 417 520	255 7 10 8 280	7 10 1126 9 220
255 236 417 520	255 30 1610	32 6 21 119 49
255 236 417 520	255 6 320 13 1201	25 542 7 587
255 236 417 520	255 59 150 1847 7 10	7 10 120 337 200 131 670
255 236 417 520	255 59 199 5	10 1559 11872 1097 39
255 236 417 520	467 236 19 275 255	14 43 64
255 236 8 320	255 1892 506 717	1455 2 375 208 353 150 9
255 236 8 320	255 320 40 134 506 717	14 8 13
255 236 8 320	255 360 1244 9 5	7 1897 534 6 2702 650
255 236 8 320	255 1345 19 1525	7 587 534 317 19 650
255 236 8 320	255 1345 2295 9 5	14 43 64
255 236 8 320	255 44	47 11 124 13 5
255 236 8 320	255 43 275	4 25 68 163
255 236 8 320	255 8 217	26 50 8 3
255 236 8 320	255 506 142 442	32 87 11 185
255 236 8 320	255 643 304 376	7 10 1980 50 227 939
255 236 8 320	255 36 967 119 320	47 11 124 13 5
255 236 8 320	255 936 8 1244	7 10 180 2743 2191 575
255 236 8 320	255 236 8 320	20 138 3
255 236 8 320	255 7 10 8 280	6 24 51
255 236 8 320	255 30 1610	19 170
255 236 8 320	255 6 320 13 1201	51 2 187
255 236 8 320	255 59 150 1847 7 10	10 1559 513 1854 2984 16240 30 150 203
255 236 8 320	255 59 199 5	7 10 6 24 13
255 236 8 320	467 236 19 275 255	4 26 2 10 37 11 53 5
255 236 8 16 320	255 1892 506 717	21 23 16 3 5
255 236 8 16 320	255 320 40 134 506 717	1455 2 59 9138
255 236 8 16 320	255 360 1244 9 5	7 95 51 158
255 236 8 16 320	255 1345 19 1525	193 40 18 20
255 236 8 16 320	255 1345 2295 9 5	7 10 11 2229 5
255 236 8 16 320	255 44	7 10 25 643
255 236 8 16 320	255 43 275	4 2 47 89 42
255 236 8 16 320	255 8 217	32 186 175 77
255 236 8 16 320	255 506 142 442	36 3294 1839 1256
255 236 8 16 320	255 643 304 376	36 17 118 21 153
255 236 8 16 320	255 36 967 119 320	19 170
255 236 8 16 320	255 936 8 1244	7 2684 586 2 627 16 15 33
255 236 8 16 320	255 236 8 320	8 29
255 236 8 16 320	255 7 10 8 280	32 56 64
255 236 8 16 320	255 30 1610	21 23 16 3 5
255 236 8 16 320	255 6 320 13 1201	7 10 19 320 1156 140
255 236 8 16 320	255 59 150 1847 7 10	193 40 18 20
255 236 8 16 320	255 59 199 5	51 2 187
255 236 8 16 320	467 236 19 275 255	36 17 118 21 153
255 236 5802 234	255 214 13029 1045 2 394 1386 33	3608 397 551 16 30 665 5822 217 397 5
255 236 5802 234	255 214 13029 1045 2 394 1386 33	4 10 70 11 13 69
255 236 5802 234	255 214 13029 1045 2 394 1386 33	7 10 72 16 13
255 236 5802 234	255 214 13029 1045 2 394 1386 33	12 127 40
255 236 5802 234	255 236 3353 3640	255 936 8 1244
255 236 5802 234	255 236 3353 3640	37 26 70 11 53 5
255 236 5802 234	255 236 3353 3640	255 59 150 1847 7 10
255 236 5802 234	255 236 3353 3640	7 95 51 158
255 236 5802 234	255 236 5802 234	19 44 94
255 236 5802 234	255 236 5802 234	7 10 19 2229 3567
255 236 5802 234	255 236 5802 234	7 10 643 4147 30 2425
255 236 5802 234	255 236 5802 234	7 10 59 9289 5
255 376	255 1892 506 717	7 10 643 6 643
255 376	255 1892 506 717	7 10 2229
255 376	255 320 40 134 506 717	7 10 5171 203 30 1051
255 376	255 320 40 134 506 717	19 170
255 376	255 360 1244 9 5	8 29
255 376	255 360 1244 9 5	7 95 51 158
255 376	255 1345 19 1525	7 10 5442
255 376	255 1345 19 1525	32 6 21 119 49
255 376	255 1345 2295 9 5	6 21 23 62
255 376	255 1345 2295 9 5	6 24 29
255 376	255 44	7 587 6 203 5706
255 376	255 44	7 10 643 1021
255 376	255 43 275	32 56 64
255 376	255 43 275	1455 18 9238 1466 33 140
255 376	255 8 217	4 2 47 89 42
255 376	255 8 217	7 10 936 236 19 986 1156 140
255 376	255 506 142 442	7 10 3657 304 376 844
255 376	255 506 142 442	56 11 3
255 376	255 643 304 376	32 87 11 185
255 376	255 643 304 376	32 87 11 185
255 376	255 36 967 119 320	32 87 11 185
255 376	255 36 967 119 320	155 11 3
255 376	255 936 8 1244	4 25 60 176 28 3 42 75
255 376	255 936 8 1244	32 6 21 119 49
255 376	255 236 8 320	12 127 40
255 376	255 236 8 320	7 10 430 939 39
255 376	255 7 10 8 280	14 6 21 23 154
255 376	255 7 10 8 280	56 11 3
255 376	255 30 1610	10 1505 221 838
255 376	255 30 1610	14 103 20 190 194
255 376	255 6 320 13 1201	47 11 124 13 5
255 376	255 6 320 13 1201	32 186 175 77
255 376	255 59 150 1847 7 10	4 25 60 176 28 3 42 75
255 376	255 59 150 1847 7 10	26 50 8 3
255 376	255 59 199 5	665 855 18 33 116
255 376	255 59 199 5	4 25 60 176 28 3 42 75
255 376	467 236 19 275 255	93 26 9 8 90 3
255 376	467 236 19 275 255	32 56 64
255 52 16 320 5	255 1892 506 717	52 22 54 20 107 13
255 52 16 320 5	255 320 40 134 506 717	7 10 6 2229
255 52 16 320 5	255 360 1244 9 5	4 10 70 11 13 69
255 52 16 320 5	255 1345 19 1525	6 24 51
255 52 16 320 5	255 1345 2295 9 5	7 10 6 2229
255 52 16 320 5	255 44	8 3
255 52 16 320 5	255 43 275	32 6 21 119 49
255 52 16 320 5	255 8 217	19 2139 1839 1256
255 52 16 320 5	255 506 142 442	25 542 7 587
255 52 16 320 5	255 643 304 376	93 26 9 8 90 3
255 52 16 320 5	255 36 967 119 320	10 200 1505 6 238
255 52 16 320 5	255 936 8 1244	6 30 3813 60 812
255 52 16 320 5	255 236 8 320	4 26 2 10 37 11 53 5
255 52 16 320 5	255 7 10 8 280	19 170
255 52 16 320 5	255 30 1610	7 10 5171 203 30 1051
255 52 16 320 5	255 6 320 13 1201	22 2 28 8 3
255 52 16 320 5	255 59 150 1847 7 10	14 103 20 190 194
255 52 16 320 5	255 59 199 5	52 22 54 20 107 13
255 52 16 320 5	467 236 19 275 255	14 43 64
255 52 11 275 5	255 1892 506 717	14 103 20 190 194
255 52 11 275 5	255 320 40 134 506 717	8 29
255 52 11 275 5	255 360 1244 9 5	193 40 18 20
255 52 11 275 5	255 1345 19 1525	4 26 2 10 37 11 53 5
255 52 11 275 5	255 1345 2295 9 5	10 6 1092 1045 4378 2 1078 104 1244
255 52 11 275 5	255 44	22 2 28 8 3
255 52 11 275 5	255 43 275	155 11 3
255 52 11 275 5	255 8 217	7 10 3352 6 68
255 52 11 275 5	255 506 142 442	7 10 430 939 39
255 52 11 275 5	255 643 304 376	7 95 51 189 2 18
255 52 11 275 5	255 36 967 119 320	7 10 6 24 13
255 52 11 275 5	255 936 8 1244	7 1897 534 6 2702 650
255 52 11 275 5	255 236 8 320	6 21 23 62
255 52 11 275 5	255 7 10 8 280	14 8 13
255 52 11 275 5	255 30 1610	6 83 71 29
255 52 11 275 5	255 6 320 13 1201	4 10 70 11 13 69
255 52 11 275 5	255 59 150 1847 7 10	7 10 1784 4980 2055 4912 19 203
255 52 11 275 5	255 59 199 5	4 2 47 89 42
255 52 11 275 5	467 236 19 275 255	32 6 21 119 49
255 7 422 8 16 320	255 1892 506 717	7 10 6462 376 844 86 2566 643 304 61
255 7 422 8 16 320	255 320 40 134 506 717	8 29
255 7 422 8 16 320	255 360 1244 9 5	21 23 16 3 5
255 7 422 8 16 320	255 1345 19 1525	22 2 28 8 3
255 7 422 8 16 320	255 1345 2295 9 5	542 7 587 2 240
255 7 422 8 16 320	255 44	7 10 120 337 200 131 670
255 7 422 8 16 320	255 43 275	47 11 124 13 5
255 7 422 8 16 320	255 8 217	7 95 51 189 2 18
255 7 422 8 16 320	255 506 142 442	4 26 2 10 37 11 53 5
255 7 422 8 16 320	255 643 304 376	4 26 2 10 37 11 53 5
255 7 422 8 16 320	255 36 967 119 320	7 10 11 408 643 5
255 7 422 8 16 320	255 936 8 1244	10 5144 200 17 1810 240
255 7 422 8 16 320	255 236 8 320	14 6 21 23 154
255 7 422 8 16 320	255 7 10 8 280	7 10 11 1362 13 275 459 2 417 5
255 7 422 8 16 320	255 30 1610	467 936 11 2229 5
255 7 422 8 16 320	255 6 320 13 1201	14 6 21 23 154
255 7 422 8 16 320	255 59 150 1847 7 10	6 24 51
255 7 422 8 16 320	255 59 199 5	51 2 187
255 7 422 8 16 320	467 236 19 275 255	14 103 20 190 194
255 562 14766	255	7 10 275 406
255 562 14766	255	467 4091 18 33
255 562 14766	255	255 43 275
255 562 14766	255 221	255 7 10 8 280
255 562 14766	255 221	255 236 8 320
255 562 14766	255 221	7 1897 534 6 2702 650
255 562 14766	255 234	6 24 62
255 562 14766	255 234	32 186 175 77
255 562 14766	255 234	7 587 19 1198 1060 1974
255 562 14766	255 562 14766	14 103 20 190 194
255 562 14766	255 562 14766	255 236 8 320
255 562 14766	255 562 14766	255 7 10 8 280
255 1433 3449 508 303 13 5821 97	255 1433 3449 508 303 13 5821 97	7 10 5474 6 91
255 1433 3449 508 303 13 5821 97	255 1433 3449 508 303 13 5821 97	467 236 19 275 255
255 1433 3449 508 303 13 5821 97	255 1433 3449 508 303 13 5821 97	14 43 64
255 1433 3449 508 303 13 5821 97	255 1433 3449 508 303 13 5821 97	255 320 40 134 506 717
255 1433 3449 508 303 13 5821 97	255 1433 3449 36 2236 13 5821 9	255 936 8 1244
255 1433 3449 508 303 13 5821 97	255 1433 3449 36 2236 13 5821 9	255 1345 2295 9 5
255 1433 3449 508 303 13 5821 97	255 1433 3449 36 2236 13 5821 9	26 50 8 3
255 1433 3449 508 303 13 5821 97	255 1433 3449 36 2236 13 5821 9	4 2 47 89 42
255 1433 3449 508 303 13 5821 97	255 1433 97 2010 6 2964	7 587 19 2702 1147
255 1433 3449 508 303 13 5821 97	255 1433 97 2010 6 2964	32 87 11 185
255 1433 3449 508 303 13 5821 97	255 1433 97 2010 6 2964	32 87 11 185
255 1433 3449 508 303 13 5821 97	255 1433 97 2010 6 2964	32 87 11 185
255 419 1096 137 16 210 820 575	255 419 1096 11 210 142 17283 575	6 542 7 587
255 419 1096 137 16 210 820 575	255 419 1096 11 210 142 17283 575	4 2 47 89 42
255 419 1096 137 16 210 820 575	255 419 1096 11 210 142 17283 575	6 24 29
255 419 1096 137 16 210 820 575	255 419 1096 11 210 14763 5	255 506 142 442
255 419 1096 137 16 210 820 575	255 419 1096 11 210 14763 5	7 10 643 1021
255 419 1096 137 16 210 820 575	255 419 1096 11 210 14763 5	255 59 150 1847 7 10
255 419 1096 137 16 210 820 575	255 419 1096 11 210 654 5	7 587 68 397 2 5706 10
255 419 1096 137 16 210 820 575	255 419 1096 11 210 654 5	255 1345 2295 9 5
255 419 1096 137 16 210 820 575	255 419 1096 11 210 654 5	255 936 8 1244
255 419 1096 137 16 210 820 575	255 419 1096 137 16 210 820 575	20 138 3
255 419 1096 137 16 210 820 575	255 419 1096 137 16 210 820 575	3062 2293 18 33
255 419 1096 137 16 210 820 575	255 419 1096 137 16 210 820 575	7 587 2 317 534 9 39
255 6 320	255 1892 506 717	56 11 3
255 6 320	255 320 40 134 506 717	7 10 72 16 13
255 6 320	255 360 1244 9 5	7 587 534 317 19 650
255 6 320	255 1345 19 1525	7 10 25 643
255 6 320	255 1345 2295 9 5	32 56 64
255 6 320	255 44	14 8 13
255 6 320	255 43 275	2195 1428 17730 5796
255 6 320	255 8 217	21 23 16 3 5
255 6 320	255 506 142 442	4 2 47 89 42
255 6 320	255 643 304 376	7 485 137 59 3517 1917 21396 847
255 6 320	255 36 967 119 320	26 50 8 3
255 6 320	255 936 8 1244	36 17 118 21 153
255 6 320	255 236 8 320	19 1362 2743 2337
255 6 320	255 7 10 8 280	36 17 118 21 153
255 6 320	255 30 1610	12 127 40
255 6 320	255 6 320 13 1201	6 83 71 29
255 6 320	255 59 150 1847 7 10	665 855 848 5677 18 123
255 6 320	255 59 199 5	21 23 16 3 5
255 6 320	467 236 19 275 255	4 2 47 89 42
255 6 44	255 1892 506 717	32 56 64
255 6 44	255 320 40 134 506 717	4 2 47 89 42
255 6 44	255 360 1244 9 5	7 10 19 320 1156 140
255 6 44	255 1345 19 1525	8 3
255 6 44	255 1345 2295 9 5	193 40 18 20
255 6 44	255 44	14 8 13
255 6 44	255 43 275	7 587 19 2231
255 6 44	255 8 217	6 83 71 29
255 6 44	255 506 142 442	4 26 2 10 37 11 53 5
255 6 44	255 643 304 376	52 22 54 20 107 13
255 6 44	255 36 967 119 320	7 587 19 2139 397
255 6 44	255 936 8 1244	6 24 51
255 6 44	255 236 8 320	6 21 23 62
255 6 44	255 7 10 8 280	26 50 8 3
255 6 44	255 30 1610	10 2139 1839 1256 21 11 484 2870 5
255 6 44	255 6 320 13 1201	6 83 71 29
255 6 44	255 59 150 1847 7 10	467 4091 410 19 2056 206 5759 20545
255 6 44	255 59 199 5	19 170
255 6 44	467 236 19 275 255	7 95 51 189 2 18
255 6 275	255 1892 506 717	7 95 51 158
255 6 275	255 1892 506 717	6 24 62
255 6 275	255 320 40 134 506 717	99 20 3
255 6 275	255 320 40 134 506 717	7 10 1147 586 19 1558
255 6 275	255 360 1244 9 5	19 68 7 587 397 2 104
255 6 275	255 360 1244 9 5	7 10 6 24 13
255 6 275	255 1345 19 1525	8 3
255 6 275	255 1345 19 1525	19 170
255 6 275	255 1345 2295 9 5	7 10 72 16 13
255 6 275	255 1345 2295 9 5	36 17 118 21 153
255 6 275	255 44	21 23 16 3 5
255 6 275	255 44	7 10 643 6 643
255 6 275	255 43 275	7 587 19 2231
255 6 275	255 43 275	4 26 2 10 37 11 53 5
255 6 275	255 8 217	155 11 3
255 6 275	255 8 217	32 87 11 185
255 6 275	255 506 142 442	56 11 3
255 6 275	255 506 142 442	26 50 8 3
255 6 275	255 643 304 376	7 10 16 257 255 2979 1332 1455 936 5
255 6 275	255 643 304 376	56 11 3
255 6 275	255 36 967 119 320	7 95 51 158
255 6 275	255 36 967 119 320	26 50 8 3
255 6 275	255 936 8 1244	14 43 64
255 6 275	255 936 8 1244	6 83 71 29
255 6 275	255 236 8 320	7 10 6 643
255 6 275	255 236 8 320	36 17 118 21 153
255 6 275	255 7 10 8 280	193 40 18 20
255 6 275	255 7 10 8 280	10 5144 200 17 1810 240
255 6 275	255 30 1610	7 10 4481 97 6 1553
255 6 275	255 30 1610	6 24 62
255 6 275	255 6 320 13 1201	155 11 3
255 6 275	255 6 320 13 1201	14 43 64
255 6 275	255 59 150 1847 7 10	7 587 1036 19 650
255 6 275	255 59 150 1847 7 10	56 11 3
255 6 275	255 59 199 5	20 138 3
255 6 275	255 59 199 5	4 25 60 176 28 3 42 75
255 6 275	467 236 19 275 255	7 10 275 1455 137 54 2638 1839 1256
255 6 275	467 236 19 275 255	4 25 60 176 28 3 42 75
255 308 3276 221	255 308 3276 221	37 26 70 11 53 5
255 308 3276 221	255 308 3276 221	255 936 8 1244
255 308 3276 221	255 308 3276 221	93 26 9 8 90 3
255 308 3276 221	255 308 3276 221	6 21 23 62
255 308 3276 221	255 308 3276 17 33 2150	165 10 133 1634 1935 2059
255 308 3276 221	255 308 3276 17 33 2150	255 1892 506 717
255 308 3276 221	255 308 3276 17 33 2150	4 2 47 89 42
255 308 3276 221	255 308 3276 17 33 2150	255 320 40 134 506 717
255 308 3276 221	255 308 3276 6 203	255 1345 19 1525
255 308 3276 221	255 308 3276 6 203	255 320 40 134 506 717
255 308 3276 221	255 308 3276 6 203	7 10 72 16 13
255 308 3276 221	255 308 3276 6 203	14 6 21 23 154
1455 936 275 255 2 240	255 1892 506 717	20 138 3
1455 936 275 255 2 240	255 320 40 134 506 717	4 2 47 89 42
1455 936 275 255 2 240	255 360 1244 9 5	7 10 643 304 376
1455 936 275 255 2 240	255 1345 19 1525	2619 706
1455 936 275 255 2 240	255 1345 2295 9 5	20 138 3
1455 936 275 255 2 240	255 44	19 170
1455 936 275 255 2 240	255 43 275	56 11 3
1455 936 275 255 2 240	255 8 217	7 10 6 643
1455 936 275 255 2 240	255 506 142 442	7 95 51 189 2 18
1455 936 275 255 2 240	255 643 304 376	14 8 13
1455 936 275 255 2 240	255 36 967 119 320	542 7 587 2 240
1455 936 275 255 2 240	255 936 8 1244	20 138 3
1455 936 275 255 2 240	255 236 8 320	7 10 6 24 13
1455 936 275 255 2 240	255 7 10 8 280	7 587 1036 19 650
1455 936 275 255 2 240	255 30 1610	32 6 21 119 49
1455 936 275 255 2 240	255 6 320 13 1201	14 103 20 190 194
1455 936 275 255 2 240	255 59 150 1847 7 10	51 2 187
1455 936 275 255 2 240	255 59 199 5	4 26 2 10 37 11 53 5
1455 936 275 255 2 240	467 236 19 275 255	1854 1168 50 2577 1928 137 21 30
467 320 9 323	255 1892 506 717	32 87 11 185
467 320 9 323	255 320 40 134 506 717	14 6 21 23 154
467 320 9 323	255 360 1244 9 5	19 184
467 320 9 323	255 1345 19 1525	8 29
467 320 9 323	255 1345 2295 9 5	7 10 72 16 13
467 320 9 323	255 44	52 22 54 20 107 13
467 320 9 323	255 43 275	14 6 21 23 154
467 320 9 323	255 8 217	32 6 21 119 49
467 320 9 323	255 506 142 442	32 186 175 77
467 320 9 323	255 643 304 376	51 2 187
467 320 9 323	255 36 967 119 320	7 10 6 24 13
467 320 9 323	255 936 8 1244	1455 275 1021
467 320 9 323	255 236 8 320	2287 2638 1839 1256 2 132
467 320 9 323	255 7 10 8 280	7 10 11 408 643 5
467 320 9 323	255 30 1610	4 10 70 11 13 69
467 320 9 323	255 6 320 13 1201	7 10 19 320 1156 140
467 320 9 323	255 59 150 1847 7 10	14 43 64
467 320 9 323	255 59 199 5	193 40 18 20
467 320 9 323	467 236 19 275 255	7 10 2979 3568 30 73
467 72 11 320 323	255 1892 506 717	36 17 118 21 153
467 72 11 320 323	255 320 40 134 506 717	575 7936 50 1045 4378 2213 90 1441 5
467 72 11 320 323	255 360 1244 9 5	8 29
467 72 11 320 323	255 1345 19 1525	4 25 60 176 28 3 42 75
467 72 11 320 323	255 1345 2295 9 5	467 936 11 2229 5
467 72 11 320 323	255 44	14 6 21 23 154
467 72 11 320 323	255 43 275	155 11 3
467 72 11 320 323	255 8 217	12 127 40
467 72 11 320 323	255 506 142 442	6 24 29
467 72 11 320 323	255 643 304 376	6 21 23 62
467 72 11 320 323	255 36 967 119 320	193 40 18 20
467 72 11 320 323	255 936 8 1244	4 2 14 6 21 30 145 157
467 72 11 320 323	255 236 8 320	10 1059 33 225 11 1505
467 72 11 320 323	255 7 10 8 280	47 11 124 13 5
467 72 11 320 323	255 30 1610	4 2 47 89 42
467 72 11 320 323	255 6 320 13 1201	7 10 11 408 643 5
467 72 11 320 323	255 59 150 1847 7 10	7 587 534 317 19 650
467 72 11 320 323	255 59 199 5	14 43 64
467 72 11 320 323	467 236 19 275 255	12 127 40
467 275 1609	255 1892 506 717	8 3
467 275 1609	255 320 40 134 506 717	7 10 72 16 13
467 275 1609	255 360 1244 9 5	47 11 124 13 5
467 275 1609	255 1345 19 1525	56 11 3
467 275 1609	255 1345 2295 9 5	193 40 18 20
467 275 1609	255 44	7 10 6 24 13
467 275 1609	255 43 275	32 56 64
467 275 1609	255 8 217	51 2 187
467 275 1609	255 506 142 442	4 10 70 11 13 69
467 275 1609	255 643 304 376	21 23 16 3 5
467 275 1609	255 36 967 119 320	32 186 175 77
467 275 1609	255 936 8 1244	5171 20834 18 220
467 275 1609	255 236 8 320	7 10 386 133 414 3178 3182 39
467 275 1609	255 7 10 8 280	751 773 1033 2 7 587 397
467 275 1609	255 30 1610	51 2 187
467 275 1609	255 6 320 13 1201	32 6 21 119 49
467 275 1609	255 59 150 1847 7 10	2213 352 4333 2
467 275 1609	255 59 199 5	7 10 1168 19 2225
467 275 1609	467 236 19 275 255	6 68 453 714
467 473 1156 140 6 58 7 672	255 1892 506 717	7 10 643 4147 30 150
467 473 1156 140 6 58 7 672	255 320 40 134 506 717	7 587 19 2139 397
467 473 1156 140 6 58 7 672	255 360 1244 9 5	155 11 3
467 473 1156 140 6 58 7 672	255 1345 19 1525	6 24 62
467 473 1156 140 6 58 7 672	255 1345 2295 9 5	4 2 14 6 21 30 145 157
467 473 1156 140 6 58 7 672	255 44	56 11 3
467 473 1156 140 6 58 7 672	255 43 275	3608 397 551 16 30 665 5822 217 397 5
467 473 1156 140 6 58 7 672	255 8 217	4 26 2 10 37 11 53 5
467 473 1156 140 6 58 7 672	255 506 142 442	4 25 60 176 28 3 42 75
467 473 1156 140 6 58 7 672	255 643 304 376	14 6 21 23 154
467 473 1156 140 6 58 7 672	255 36 967 119 320	56 11 3
467 473 1156 140 6 58 7 672	255 936 8 1244	4 2 47 89 42
467 473 1156 140 6 58 7 672	255 236 8 320	6 21 23 62
467 473 1156 140 6 58 7 672	255 7 10 8 280	7 10 1555 1189 39
467 473 1156 140 6 58 7 672	255 30 1610	7 95 51 189 2 18
467 473 1156 140 6 58 7 672	255 6 320 13 1201	7 587 2 317 534 9 39
467 473 1156 140 6 58 7 672	255 59 150 1847 7 10	7 10 3022 2743 9
467 473 1156 140 6 58 7 672	255 59 199 5	93 26 9 8 90 3
467 473 1156 140 6 58 7 672	467 236 19 275 255	4 10 70 11 13 69
467 473 245 8 320	255 1892 506 717	32 186 175 77
467 473 245 8 320	255 320 40 134 506 717	4 2 14 6 21 30 145 157
467 473 245 8 320	255 360 1244 9 5	14 43 64
467 473 245 8 320	255 1345 19 1525	7 587 19 2231
467 473 245 8 320	255 1345 2295 9 5	1784 12757 6 1854
467 473 245 8 320	255 44	19 170
467 473 245 8 320	255 43 275	7 10 120 337 200 131 670
467 473 245 8 320	255 8 217	32 87 11 185
467 473 245 8 320	255 506 142 442	7 587 19 1195 7 4904
467 473 245 8 320	255 643 304 376	6 24 51
467 473 245 8 320	255 36 967 119 320	19 170
467 473 245 8 320	255 936 8 1244	14 8 13
467 473 245 8 320	255 236 8 320	14 103 20 190 194
467 473 245 8 320	255 7 10 8 280	10 58 2872 587 1151 685 397 39
467 473 245 8 320	255 30 1610	47 11 124 13 5
467 473 245 8 320	255 6 320 13 1201	8 29
467 473 245 8 320	255 59 150 1847 7 10	4 26 2 10 37 11 53 5
467 473 245 8 320	255 59 199 5	93 26 9 8 90 3
467 473 245 8 320	467 236 19 275 255	19 170
467 473 245 43 320	255 1892 506 717	4 2 14 6 21 30 145 157
467 473 245 43 320	255 320 40 134 506 717	155 11 3
467 473 245 43 320	255 360 1244 9 5	6 21 23 62
467 473 245 43 320	255 1345 19 1525	20 138 3
467 473 245 43 320	255 1345 2295 9 5	665 855 571
467 473 245 43 320	255 44	7 10 6 867 643 1021
467 473 245 43 320	255 43 275	7 10 643 6 643
467 473 245 43 320	255 8 217	22 2 28 8 3
467 473 245 43 320	255 506 142 442	32 6 21 119 49
467 473 245 43 320	255 643 304 376	47 11 124 13 5
467 473 245 43 320	255 36 967 119 320	6 83 71 29
467 473 245 43 320	255 936 8 1244	6 2195 3182
467 473 245 43 320	255 236 8 320	32 87 11 185
467 473 245 43 320	255 7 10 8 280	4 26 2 10 37 11 53 5
467 473 245 43 320	255 30 1610	2743 2 4947 2337 386 1362 39
467 473 245 43 320	255 6 320 13 1201	32 56 64
467 473 245 43 320	255 59 150 1847 7 10	37 26 70 11 53 5
467 473 245 43 320	255 59 199 5	21 23 16 3 5
467 473 245 43 320	467 236 19 275 255	37 26 70 11 53 5
467 473 245 6 275	255 1892 506 717	4 2 47 89 42
467 473 245 6 275	255 1892 506 717	32 87 11 185
467 473 245 6 275	255 320 40 134 506 717	6 83 71 29
467 473 245 6 275	255 320 40 134 506 717	99 20 3
467 473 245 6 275	255 360 1244 9 5	3608 19 68 551
467 473 245 6 275	255 360 1244 9 5	4 10 70 11 13 69
467 473 245 6 275	255 1345 19 1525	7 587 534 317 19 650
467 473 245 6 275	255 1345 19 1525	19 170
467 473 245 6 275	255 1345 2295 9 5	6 83 71 29
467 473 245 6 275	255 1345 2295 9 5	7 587 2 317 534 9 39
467 473 245 6 275	255 44	8 29
467 473 245 6 275	255 44	99 20 3
467 473 245 6 275	255 43 275	4 25 60 176 28 3 42 75
467 473 245 6 275	255 43 275	14 8 13
467 473 245 6 275	255 8 217	36 7 10 248 20 5171 788 4607 58 302
467 473 245 6 275	255 8 217	4 2 14 6 21 30 145 157
467 473 245 6 275	255 506 142 442	155 11 3
467 473 245 6 275	255 506 142 442	1784 21842 1928 5
467 473 245 6 275	255 643 304 376	7 10 6 643
